17 289
289 4913
4913 1611
1611 2814
2814 6883
6883 2337
2337 6965
6965 3731
3731 6090
6090 5238
5238 7136
7136 6638
6638 6363
6363 1688
1688 4123
4123 4563
4563 3852
3852 8147
8147 7443
7443 3666
3666 4985
4985 2835
2835 7240
7240 215
215 3655
3655 4798
4798 7847
7847 2343
2343 7067
7067 5465
5465 2804
2804 6713
6713 7638
7638 6981
6981 4003
4003 2523
2523 1936
1936 148
148 2516
2516 1817
1817 6316
6316 889
889 6922
6922 3000
3000 1854
1854 6945
6945 3391
3391 310
310 5270
5270 7680
7680 7695
7695 7950
7950 4094
4094 4070
4070 3662
3662 4917
4917 1679
1679 3970
3970 1962
1962 590
590 1839
1839 6690
6690 7247
7247 334
334 5678
5678 6425
6425 2742
2742 5659
5659 6102
6102 5442
5442 2413
2413 66
66 1122
1122 2692
2692 4809
4809 8034
8034 5522
5522 3773
3773 6804
6804 994
994 516
516 581
581 1686
1686 4089
4089 3985
3985 2217
2217 4925
4925 1815
1815 6282
6282 311
311 5287
5287 7969
7969 4417
4417 1370
1370 6908
6908 2762
2762 5999
5999 3691
3691 5410
5410 1869
1869 7200
7200 7726
7726 286
286 4862
4862 744
744 4457
4457 2050
2050 2086
2086 2698
2698 4911
4911 1577
1577 2236
2236 5248
5248 7306
7306 1337
1337 6347
6347 1416
1416 7690
7690 7865
7865 2649
2649 4078
4078 3798
3798 7229
7229 28
28 476
476 8092
8092 6508
6508 4153
4153 5073
5073 4331
4331 8099
8099 6627
6627 6176
6176 6700
6700 7417
7417 3224
3224 5662
5662 6153
6153 6309
6309 770
770 4899
4899 1373
1373 6959
6959 3629
3629 4356
4356 333
333 5661
5661 6136
6136 6020
6020 4048
4048 3288
3288 6750
6750 76
76 1292
1292 5582
5582 4793
4793 7762
7762 898
898 7075
7075 5601
5601 5116
5116 5062
5062 4144
4144 4920
4920 1730
1730 4837
4837 319
319 5423
5423 2090
2090 2766
2766 6067
6067 4847
4847 489
489 122
122 2074
2074 2494
2494 1443
1443 8149
8149 7477
7477 4244
4244 6620
6620 6057
6057 4677
4677 5790
5790 138
138 2346
2346 7118
7118 6332
6332 1161
1161 3355
3355 7889
7889 3057
3057 2823
2823 7036
7036 4938
4938 2036
2036 1848
1848 6843
6843 1657
1657 3596
3596 3795
3795 7178
7178 7352
7352 2119
2119 3259
3259 6257
6257 8077
8077 6253
6253 8009
8009 5097
5097 4739
4739 6844
6844 1674
1674 3885
3885 517
517 598
598 1975
1975 811
811 5596
5596 5031
5031 3617
3617 4152
4152 5056
5056 4042
4042 3186
3186 5016
5016 3362
3362 8008
8008 5080
5080 4450
4450 1931
1931 63
63 1071
1071 1825
1825 6452
6452 3201
3201 5271
5271 7697
7697 7984
7984 4672
4672 5705
5705 6884
6884 2354
2354 7254
7254 453
453 7701
7701 8052
8052 5828
5828 784
784 5137
5137 5419
5419 2022
2022 1610
1610 2797
2797 6594
6594 5615
5615 5354
5354 917
917 7398
7398 2901
2901 171
171 2907
2907 273
273 4641
4641 5178
5178 6116
6116 5680
5680 6459
6459 3320
3320 7294
7294 1133
1133 2879
2879 7988
7988 4740
4740 6861
6861 1963
1963 607
607 2128
2128 3412
3412 667
667 3148
3148 4370
4370 571
571 1516
1516 1199
1199 4001
4001 2489
2489 1358
1358 6704
6704 7485
7485 4380
4380 741
741 4406
4406 1183
1183 3729
3729 6056
6056 4660
4660 5501
5501 3416
3416 735
735 4304
4304 7640
7640 7015
7015 4581
4581 4158
4158 5158
5158 5776
5776 8091
8091 6491
6491 3864
3864 160
160 2720
2720 5285
5285 7935
7935 3839
3839 7926
7926 3686
3686 5325
5325 424
424 7208
7208 7862
7862 2598
2598 3211
3211 5441
5441 2396
2396 7968
7968 4400
4400 1081
1081 1995
1995 1151
1151 3185
3185 4999
4999 3073
3073 3095
3095 3469
3469 1636
1636 3239
3239 5917
5917 2297
2297 6285
6285 362
362 6154
6154 6326
6326 1059
1059 1621
1621 2984
2984 1582
1582 2321
2321 6693
6693 7298
7298 1201
1201 4035
4035 3067
3067 2993
2993 1735
1735 4922
4922 1764
1764 5415
5415 1954
1954 454
454 7718
7718 150
150 2550
2550 2395
2395 7951
7951 4111
4111 4359
4359 384
384 6528
6528 4493
4493 2662
2662 4299
4299 7555
7555 5570
5570 4589
4589 4294
4294 7470
7470 4125
4125 4597
4597 4430
4430 1591
1591 2474
2474 1103
1103 2369
2369 7509
7509 4788
4788 7677
7677 7644
7644 7083
7083 5737
5737 7428
7428 3411
3411 650
650 2859
2859 7648
7648 7151
7151 6893
6893 2507
2507 1664
1664 3715
3715 5818
5818 614
614 2247
2247 5435
5435 2294
2294 6234
6234 7686
7686 7797
7797 1493
1493 808
808 5545
5545 4164
4164 5260
5260 7510
7510 4805
4805 7966
7966 4366
4366 503
503 360
360 6120
6120 5748
5748 7615
7615 6590
6590 5547
5547 4198
4198 5838
5838 954
954 8027
8027 5403
5403 1750
1750 5177
5177 6099
6099 5391
5391 1546
1546 1709
1709 4480
4480 2441
2441 542
542 1023
1023 1009
1009 771
771 4916
4916 1662
1662 3681
3681 5240
5240 7170
7170 7216
7216 7998
7998 4910
4910 1560
1560 1947
1947 335
335 5695
5695 6714
6714 7655
7655 7270
7270 725
725 4134
4134 4750
4750 7031
7031 4853
4853 591
591 1856
1856 6979
6979 3969
3969 1945
1945 301
301 5117
5117 5079
5079 4433
4433 1642
1642 3341
3341 7651
7651 7202
7202 7760
7760 864
864 6497
6497 3966
3966 1894
1894 7625
7625 6760
6760 246
246 4182
4182 5566
5566 4521
4521 3138
3138 4200
4200 5872
5872 1532
1532 1471
1471 434
434 7378
7378 2561
2561 2582
2582 2939
2939 817
817 5698
5698 6765
6765 331
331 5627
5627 5558
5558 4385
4385 826
826 5851
5851 1175
1175 3593
3593 3744
3744 6311
6311 804
804 5477
5477 3008
3008 1990
1990 1066
1066 1740
1740 5007
5007 3209
3209 5407
5407 1818
1818 6333
6333 1178
1178 3644
3644 4611
4611 4668
4668 5637
5637 5728
5728 7275
7275 810
810 5579
5579 4742
4742 6895
6895 2541
2541 2242
2242 5350
5350 849
849 6242
6242 7822
7822 1918
1918 8033
8033 5505
5505 3484
3484 1891
1891 7574
7574 5893
5893 1889
1889 7540
7540 5315
5315 254
254 4318
4318 7878
7878 2870
2870 7835
7835 2139
2139 3599
3599 3846
3846 8045
8045 5709
5709 6952
6952 3510
3510 2333
2333 6897
6897 2575
2575 2820
2820 6985
6985 4071
4071 3679
3679 5206
5206 6592
6592 5581
5581 4776
4776 7473
7473 4176
4176 5464
5464 2787
2787 6424
6424 2725
2725 5370
5370 1189
1189 3831
3831 7790
7790 1374
1374 6976
6976 3918
3918 1078
1078 1944
1944 284
284 4828
4828 166
166 2822
2822 7019
7019 4649
4649 5314
5314 237
237 4029
4029 2965
2965 1259
1259 5021
5021 3447
3447 1262
1262 5072
5072 4314
4314 7810
7810 1714
1714 4565
4565 3886
3886 534
534 887
887 6888
6888 2422
2422 219
219 3723
3723 5954
5954 2926
2926 596
596 1941
1941 233
233 3961
3961 1809
1809 6180
6180 6768
6768 382
382 6494
6494 3915
3915 1027
1027 1077
1077 1927
1927 8186
8186 8106
8106 6746
6746 8
8 136
136 2312
2312 6540
6540 4697
4697 6130
6130 5918
5918 2314
2314 6574
6574 5275
5275 7765
7765 949
949 7942
7942 3958
3958 1758
1758 5313
5313 220
220 3740
3740 6243
6243 7839
7839 2207
2207 4755
4755 7116
7116 6298
6298 583
583 1720
1720 4667
4667 5620
5620 5439
5439 2362
2362 7390
7390 2765
2765 6050
6050 4558
4558 3767
3767 6702
6702 7451
7451 3802
3802 7297
7297 1184
1184 3746
3746 6345
6345 1382
1382 7112
7112 6230
6230 7618
7618 6641
6641 6414
6414 2555
2555 2480
2480 1205
1205 4103
4103 4223
4223 6263
6263 8179
8179 7987
7987 4723
4723 6572
6572 5241
5241 7187
7187 7505
7505 4720
4720 6521
6521 4374
4374 639
639 2672
2672 4469
4469 2254
2254 5554
5554 4317
4317 7861
7861 2581
2581 2922
2922 528
528 785
785 5154
5154 5708
5708 6935
6935 3221
3221 5611
5611 5286
5286 7952
7952 4128
4128 4648
4648 5297
5297 8139
8139 7307
7307 1354
1354 6636
6636 6329
6329 1110
1110 2488
2488 1341
1341 6415
6415 2572
2572 2769
2769 6118
6118 5714
5714 7037
7037 4955
4955 2325
2325 6761
6761 263
263 4471
4471 2288
2288 6132
6132 5952
5952 2892
2892 18
18 306
306 5202
5202 6524
6524 4425
4425 1506
1506 1029
1029 1111
1111 2505
2505 1630
1630 3137
3137 4183
4183 5583
5583 4810
4810 8051
8051 5811
5811 495
495 224
224 3808
3808 7399
7399 2918
2918 460
460 7820
7820 1884
1884 7455
7455 3870
3870 262
262 4454
4454 1999
1999 1219
1219 4341
4341 78
78 1326
1326 6160
6160 6428
6428 2793
2793 6526
6526 4459
4459 2084
2084 2664
2664 4333
4333 8133
8133 7205
7205 7811
7811 1731
1731 4854
4854 608
608 2145
2145 3701
3701 5580
5580 4759
4759 7184
7184 7454
7454 3853
3853 8164
8164 7732
7732 388
388 6596
6596 5649
5649 5932
5932 2552
2552 2429
2429 338
338 5746
5746 7581
7581 6012
6012 3912
3912 976
976 210
210 3570
3570 3353
3353 7855
7855 2479
2479 1188
1188 3814
3814 7501
7501 4652
4652 5365
5365 1104
1104 2386
2386 7798
7798 1510
1510 1097
1097 2267
2267 5775
5775 8074
8074 6202
6202 7142
7142 6740
6740 8097
8097 6593
6593 5598
5598 5065
5065 4195
4195 5787
5787 87
87 1479
1479 570
570 1499
1499 910
910 7279
7279 878
878 6735
6735 8012
8012 5148
5148 5606
5606 5201
5201 6507
6507 4136
4136 4784
4784 7609
7609 6488
6488 3813
3813 7484
7484 4363
4363 452
452 7684
7684 7763
7763 915
915 7364
7364 2323
2323 6727
6727 7876
7876 2836
2836 7257
7257 504
504 377
377 6409
6409 2470
2470 1035
1035 1213
1213 4239
4239 6535
6535 4612
4612 4685
4685 5926
5926 2450
2450 695
695 3624
3624 4271
4271 7079
7079 5669
5669 6272
6272 141
141 2397
2397 7985
7985 4689
4689 5994
5994 3606
3606 3965
3965 1877
1877 7336
7336 1847
1847 6826
6826 1368
1368 6874
6874 2184
2184 4364
4364 469
469 7973
7973 4485
4485 2526
2526 1987
1987 1015
1015 873
873 6650
6650 6567
6567 5156
5156 5742
5742 7513
7513 4856
4856 642
642 2723
2723 5336
5336 611
611 2196
2196 4568
4568 3937
3937 1401
1401 7435
7435 3530
3530 2673
2673 4486
4486 2543
2543 2276
2276 5928
5928 2484
2484 1273
1273 5259
5259 7493
7493 4516
4516 3053
3053 2755
2755 5880
5880 1668
1668 3783
3783 6974
6974 3884
3884 500
500 309
309 5253
5253 7391
7391 2782
2782 6339
6339 1280
1280 5378
5378 1325
1325 6143
6143 6139
6139 6071
6071 4915
4915 1645
1645 3392
3392 327
327 5559
5559 4402
4402 1115
1115 2573
2573 2786
2786 6407
6407 2436
2436 457
457 7769
7769 1017
1017 907
907 7228
7228 11
11 187
187 3179
3179 4897
4897 1339
1339 6381
6381 1994
1994 1134
1134 2896
2896 86
86 1462
1462 281
281 4777
4777 7490
7490 4465
4465 2186
2186 4398
4398 1047
1047 1417
1417 7707
7707 8154
8154 7562
7562 5689
5689 6612
6612 5921
5921 2365
2365 7441
7441 3632
3632 4407
4407 1200
1200 4018
4018 2778
2778 6271
6271 124
124 2108
2108 3072
3072 3078
3078 3180
3180 4914
4914 1628
1628 3103
3103 3605
3605 3948
3948 1588
1588 2423
2423 236
236 4012
4012 2676
2676 4537
4537 3410
3410 633
633 2570
2570 2735
2735 5540
5540 4079
4079 3815
3815 7518
7518 4941
4941 2087
2087 2715
2715 5200
5200 6490
6490 3847
3847 8062
8062 5998
5998 3674
3674 5121
5121 5147
5147 5589
5589 4912
4912 1594
1594 2525
2525 1970
1970 726
726 4151
4151 5039
5039 3753
3753 6464
6464 3405
3405 548
548 1125
1125 2743
2743 5676
5676 6391
6391 2164
2164 4024
4024 2880
2880 8005
8005 5029
5029 3583
3583 3574
3574 3421
3421 820
820 5749
5749 7632
7632 6879
6879 2269
2269 5809
5809 461
461 7837
7837 2173
2173 4177
4177 5481
5481 3076
3076 3146
3146 4336
4336 8184
8184 8072
8072 6168
6168 6564
6564 5105
5105 4875
4875 965
965 23
23 391
391 6647
6647 6516
6516 4289
4289 7385
7385 2680
2680 4605
4605 4566
4566 3903
3903 823
823 5800
5800 308
308 5236
5236 7102
7102 6060
6060 4728
4728 6657
6657 6686
6686 7179
7179 7369
7369 2408
2408 8172
8172 7868
7868 2700
2700 4945
4945 2155
2155 3871
3871 279
279 4743
4743 6912
6912 2830
2830 7155
7155 6961
6961 3663
3663 4934
4934 1968
1968 692
692 3573
3573 3404
3404 531
531 836
836 6021
6021 4065
4065 3577
3577 3472
3472 1687
1687 4106
4106 4274
4274 7130
7130 6536
6536 4629
4629 4974
4974 2648
2648 4061
4061 3509
3509 2316
2316 6608
6608 5853
5853 1209
1209 4171
4171 5379
5379 1342
1342 6432
6432 2861
2861 7682
7682 7729
7729 337
337 5729
5729 7292
7292 1099
1099 2301
2301 6353
6353 1518
1518 1233
1233 4579
4579 4124
4124 4580
4580 4141
4141 4869
4869 863
863 6480
6480 3677
3677 5172
5172 6014
6014 3946
3946 1554
1554 1845
1845 6792
6792 790
790 5239
5239 7153
7153 6927
6927 3085
3085 3299
3299 6937
6937 3255
3255 6189
6189 6921
6921 2983
2983 1565
1565 2032
2032 1780
1780 5687
5687 6578
6578 5343
5343 730
730 4219
4219 6195
6195 7023
7023 4717
4717 6470
6470 3507
3507 2282
2282 6030
6030 4218
4218 6178
6178 6734
6734 7995
7995 4859
4859 693
693 3590
3590 3693
3693 5444
5444 2447
2447 644
644 2757
2757 5914
5914 2246
2246 5418
5418 2005
2005 1321
1321 6075
6075 4983
4983 2801
2801 6662
6662 6771
6771 433
433 7361
7361 2272
2272 5860
5860 1328
1328 6194
6194 7006
7006 4428
4428 1557
1557 1896
1896 7659
7659 7338
7338 1881
1881 7404
7404 3003
3003 1905
1905 7812
7812 1748
1748 5143
5143 5521
5521 3756
3756 6515
6515 4272
4272 7096
7096 5958
5958 2994
2994 1752
1752 5211
5211 6677
6677 7026
7026 4768
4768 7337
7337 1864
1864 7115
7115 6281
6281 294
294 4998
4998 3056
3056 2806
2806 6747
6747 25
25 425
425 7225
7225 8151
8151 7511
7511 4822
4822 64
64 1088
1088 2114
2114 3174
3174 4812
4812 8085
8085 6389
6389 2130
2130 3446
3446 1245
1245 4783
4783 7592
7592 6199
6199 7091
7091 5873
5873 1549
1549 1760
1760 5347
5347 798
798 5375
5375 1274
1274 5276
5276 7782
7782 1238
1238 4664
4664 5569
5569 4572
4572 4005
4005 2557
2557 2514
2514 1783
1783 5738
5738 7445
7445 3700
3700 5563
5563 4470
4470 2271
2271 5843
5843 1039
1039 1281
1281 5395
5395 1614
1614 2865
2865 7750
7750 694
694 3607
3607 3982
3982 2166
2166 4058
4058 3458
3458 1449
1449 60
60 1020
1020 958
958 8095
8095 6559
6559 5020
5020 3430
3430 973
973 159
159 2703
2703 4996
4996 3022
3022 2228
2228 5112
5112 4994
4994 2988
2988 1650
1650 3477
3477 1772
1772 5551
5551 4266
4266 6994
6994 4224
4224 6280
6280 277
277 4709
4709 6334
6334 1195
1195 3933
3933 1333
1333 6279
6279 260
260 4420
4420 1421
1421 7775
7775 1119
1119 2641
2641 3942
3942 1486
1486 689
689 3522
3522 2537
2537 2174
2174 4194
4194 5770
5770 7989
7989 4757
4757 7150
7150 6876
6876 2218
2218 4942
4942 2104
2104 3004
3004 1922
1922 8101
8101 6661
6661 6754
6754 144
144 2448
2448 661
661 3046
3046 2636
2636 3857
3857 41
41 697
697 3658
3658 4849
4849 523
523 700
700 3709
3709 5716
5716 7071
7071 5533
5533 3960
3960 1792
1792 5891
5891 1855
1855 6962
6962 3680
3680 5223
5223 6881
6881 2303
2303 6387
6387 2096
2096 2868
2868 7801
7801 1561
1561 1964
1964 624
624 2417
2417 134
134 2278
2278 5962
5962 3062
3062 2908
2908 290
290 4930
4930 1900
1900 7727
7727 303
303 5151
5151 5657
5657 6068
6068 4864
4864 778
778 5035
5035 3685
3685 5308
5308 135
135 2295
2295 6251
6251 7975
7975 4519
4519 3104
3104 3622
3622 4237
4237 6501
6501 4034
4034 3050
3050 2704
2704 5013
5013 3311
3311 7141
7141 6723
6723 7808
7808 1680
1680 3987
3987 2251
2251 5503
5503 3450
3450 1313
1313 5939
5939 2671
2671 4452
4452 1965
1965 641
641 2706
2706 5047
5047 3889
3889 585
585 1754
1754 5245
5245 7255
7255 470
470 7990
7990 4774
4774 7439
7439 3598
3598 3829
3829 7756
7756 796
796 5341
5341 696
696 3641
3641 4560
4560 3801
3801 7280
7280 895
895 7024
7024 4734
4734 6759
6759 229
229 3893
3893 653
653 2910
2910 324
324 5508
5508 3535
3535 2758
2758 5931
5931 2535
2535 2140
2140 3616
3616 4135
4135 4767
4767 7320
7320 1575
1575 2202
2202 4670
4670 5671
5671 6306
6306 719
719 4032
4032 3016
3016 2126
2126 3378
3378 89
89 1513
1513 1148
1148 3134
3134 4132
4132 4716
4716 6453
6453 3218
3218 5560
5560 4419
4419 1404
1404 7486
7486 4397
4397 1030
1030 1128
1128 2794
2794 6543
6543 4748
4748 6997
6997 4275
4275 7147
7147 6825
6825 1351
1351 6585
6585 5462
5462 2753
2753 5846
5846 1090
1090 2148
2148 3752
3752 6447
6447 3116
3116 3826
3826 7705
7705 8120
8120 6984
6984 4054
4054 3390
3390 293
293 4981
4981 2767
2767 6084
6084 5136
5136 5402
5402 1733
1733 4888
4888 1186
1186 3780
3780 6923
6923 3017
3017 2143
2143 3667
3667 5002
5002 3124
3124 3962
3962 1826
1826 6469
6469 3490
3490 1993
1993 1117
1117 2607
2607 3364
3364 8042
8042 5658
5658 6085
6085 5153
5153 5691
5691 6646
6646 6499
6499 4000
4000 2472
2472 1069
1069 1791
1791 5874
5874 1566
1566 2049
2049 2069
2069 2409
2409 8189
8189 8157
8157 7613
7613 6556
6556 4969
4969 2563
2563 2616
2616 3517
3517 2452
2452 729
729 4202
4202 5906
5906 2110
2110 3106
3106 3656
3656 4815
4815 8136
8136 7256
7256 487
487 88
88 1496
1496 859
859 6412
6412 2521
2521 1902
1902 7761
7761 881
881 6786
6786 688
688 3505
3505 2248
2248 5452
5452 2583
2583 2956
2956 1106
1106 2420
2420 185
185 3145
3145 4319
4319 7895
7895 3159
3159 4557
4557 3750
3750 6413
6413 2538
2538 2191
2191 4483
4483 2492
2492 1409
1409 7571
7571 5842
5842 1022
1022 992
992 482
482 3
3 51
51 867
867 6548
6548 4833
4833 251
251 4267
4267 7011
7011 4513
4513 3002
3002 1888
1888 7523
7523 5026
5026 3532
3532 2707
2707 5064
5064 4178
4178 5498
5498 3365
3365 8059
8059 5947
5947 2807
2807 6764
6764 314
314 5338
5338 645
645 2774
2774 6203
6203 7159
7159 7029
7029 4819
4819 13
13 221
221 3757
3757 6532
6532 4561
4561 3818
3818 7569
7569 5808
5808 444
444 7548
7548 5451
5451 2566
2566 2667
2667 4384
4384 809
809 5562
5562 4453
4453 1982
1982 930
930 7619
7619 6658
6658 6703
6703 7468
7468 4091
4091 4019
4019 2795
2795 6560
6560 5037
5037 3719
3719 5886
5886 1770
1770 5517
5517 3688
3688 5359
5359 1002
1002 652
652 2893
2893 35
35 595
595 1924
1924 8135
8135 7239
7239 198
198 3366
3366 8076
8076 6236
6236 7720
7720 184
184 3128
3128 4030
4030 2982
2982 1548
1548 1743
1743 5058
5058 4076
4076 3764
3764 6651
6651 6584
6584 5445
5445 2464
2464 933
933 7670
7670 7525
7525 5060
5060 4110
4110 4342
4342 95
95 1615
1615 2882
2882 8039
8039 5607
5607 5218
5218 6796
6796 858
858 6395
6395 2232
2232 5180
5180 6150
6150 6258
6258 8094
8094 6542
6542 4731
4731 6708
6708 7553
7553 5536
5536 4011
4011 2659
2659 4248
4248 6688
6688 7213
7213 7947
7947 4043
4043 3203
3203 5305
5305 84
84 1428
1428 7894
7894 3142
3142 4268
4268 7028
7028 4802
4802 7915
7915 3499
3499 2146
2146 3718
3718 5869
5869 1481
1481 604
604 2077
2077 2545
2545 2310
2310 6506
6506 4119
4119 4495
4495 2696
2696 4877
4877 999
999 601
601 2026
2026 1678
1678 3953
3953 1673
1673 3868
3868 228
228 3876
3876 364
364 6188
6188 6904
6904 2694
2694 4843
4843 421
421 7157
7157 6995
6995 4241
4241 6569
6569 5190
5190 6320
6320 957
957 8078
8078 6270
6270 107
107 1819
1819 6350
6350 1467
1467 366
366 6222
6222 7482
7482 4329
4329 8065
8065 6049
6049 4541
4541 3478
3478 1789
1789 5840
5840 988
988 414
414 7038
7038 4972
4972 2614
2614 3483
3483 1874
1874 7285
7285 980
980 278
278 4726
4726 6623
6623 6108
6108 5544
5544 4147
4147 4971
4971 2597
2597 3194
3194 5152
5152 5674
5674 6357
6357 1586
1586 2389
2389 7849
7849 2377
2377 7645
7645 7100
7100 6026
6026 4150
4150 5022
5022 3464
3464 1551
1551 1794
1794 5925
5925 2433
2433 406
406 6902
6902 2660
2660 4265
4265 6977
6977 3935
3935 1367
1367 6857
6857 1895
1895 7642
7642 7049
7049 5159
5159 5793
5793 189
189 3213
3213 5475
5475 2974
2974 1412
1412 7622
7622 6709
6709 7570
7570 5825
5825 733
733 4270
4270 7062
7062 5380
5380 1359
1359 6721
6721 7774
7774 1102
1102 2352
2352 7220
7220 8066
8066 6066
6066 4830
4830 200
200 3400
3400 463
463 7871
7871 2751
2751 5812
5812 512
512 513
513 530
530 819
819 5732
5732 7343
7343 1966
1966 658
658 2995
2995 1769
1769 5500
5500 3399
3399 446
446 7582
7582 6029
6029 4201
4201 5889
5889 1821
1821 6384
6384 2045
2045 2001
2001 1253
1253 4919
4919 1713
1713 4548
4548 3597
3597 3812
3812 7467
7467 4074
4074 3730
3730 6073
6073 4949
4949 2223
2223 5027
5027 3549
3549 2996
2996 1786
1786 5789
5789 121
121 2057
2057 2205
2205 4721
4721 6538
6538 4663
4663 5552
5552 4283
4283 7283
7283 946
946 7891
7891 3091
3091 3401
3401 480
480 8160
8160 7664
7664 7423
7423 3326
3326 7396
7396 2867
2867 7784
7784 1272
1272 5242
5242 7204
7204 7794
7794 1442
1442 8132
8132 7188
7188 7522
7522 5009
5009 3243
3243 5985
5985 3453
3453 1364
1364 6806
6806 1028
1028 1094
1094 2216
2216 4908
4908 1526
1526 1369
1369 6891
6891 2473
2473 1086
1086 2080
2080 2596
2596 3177
3177 4863
4863 761
761 4746
4746 6963
6963 3697
3697 5512
5512 3603
3603 3914
3914 1010
1010 788
788 5205
5205 6575
6575 5292
5292 8054
8054 5862
5862 1362
1362 6772
6772 450
450 7650
7650 7185
7185 7471
7471 4142
4142 4886
4886 1152
1152 3202
3202 5288
5288 7986
7986 4706
4706 6283
6283 328
328 5576
5576 4691
4691 6028
6028 4184
4184 5600
5600 5099
5099 4773
4773 7422
7422 3309
3309 7107
7107 6145
6145 6173
6173 6649
6649 6550
6550 4867
4867 829
829 5902
5902 2042
2042 1950
1950 386
386 6562
6562 5071
5071 4297
4297 7521
7521 4992
4992 2954
2954 1072
1072 1842
1842 6741
6741 8114
8114 6882
6882 2320
2320 6676
6676 7009
7009 4479
4479 2424
2424 253
253 4301
4301 7589
7589 6148
6148 6224
6224 7516
7516 4907
4907 1509
1509 1080
1080 1978
1978 862
862 6463
6463 3388
3388 259
259 4403
4403 1132
1132 2862
2862 7699
7699 8018
8018 5250
5250 7340
7340 1915
1915 7982
7982 4638
4638 5127
5127 5249
5249 7323
7323 1626
1626 3069
3069 3027
3027 2313
2313 6557
6557 4986
4986 2852
2852 7529
7529 5128
5128 5266
5266 7612
7612 6539
6539 4680
4680 5841
5841 1005
1005 703
703 3760
3760 6583
6583 5428
5428 2175
2175 4211
4211 6059
6059 4711
4711 6368
6368 1773
1773 5568
5568 4555
4555 3716
3716 5835
5835 903
903 7160
7160 7046
7046 5108
5108 4926
4926 1832
1832 6571
6571 5224
5224 6898
6898 2592
2592 3109
3109 3707
3707 5682
5682 6493
6493 3898
3898 738
738 4355
4355 316
316 5372
5372 1223
1223 4409
4409 1234
1234 4596
4596 4413
4413 1302
1302 5752
5752 7683
7683 7746
7746 626
626 2451
2451 712
712 3913
3913 993
993 499
499 292
292 4964
4964 2478
2478 1171
1171 3525
3525 2588
2588 3041
3041 2551
2551 2412
2412 49
49 833
833 5970
5970 3198
3198 5220
5220 6830
6830 1436
1436 8030
8030 5454
5454 2617
2617 3534
3534 2741
2741 5642
5642 5813
5813 529
529 802
802 5443
5443 2430
2430 355
355 6035
6035 4303
4303 7623
7623 6726
6726 7859
7859 2547
2547 2344
2344 7084
7084 5754
5754 7717
7717 133
133 2261
2261 5673
5673 6340
6340 1297
1297 5667
5667 6238
6238 7754
7754 762
762 4763
4763 7252
7252 419
419 7123
7123 6417
6417 2606
2606 3347
3347 7753
7753 745
745 4474
4474 2339
2339 6999
6999 4309
4309 7725
7725 269
269 4573
4573 4022
4022 2846
2846 7427
7427 3394
3394 361
361 6137
6137 6037
6037 4337
4337 10
10 170
170 2890
2890 8175
8175 7919
7919 3567
3567 3302
3302 6988
6988 4122
4122 4546
4546 3563
3563 3234
3234 5832
5832 852
852 6293
6293 498
498 275
275 4675
4675 5756
5756 7751
7751 711
711 3896
3896 704
704 3777
3777 6872
6872 2150
2150 3786
3786 7025
7025 4751
4751 7048
7048 5142
5142 5504
5504 3467
3467 1602
1602 2661
2661 4282
4282 7266
7266 657
657 2978
2978 1480
1480 587
587 1788
1788 5823
5823 699
699 3692
3692 5427
5427 2158
2158 3922
3922 1146
1146 3100
3100 3554
3554 3081
3081 3231
3231 5781
5781 8176
8176 7936
7936 3856
3856 24
24 408
408 6936
6936 3238
3238 5900
5900 2008
2008 1372
1372 6942
6942 3340
3340 7634
7634 6913
6913 2847
2847 7444
7444 3683
3683 5274
5274 7748
7748 660
660 3029
3029 2347
2347 7135
7135 6621
6621 6074
6074 4966
4966 2512
2512 1749
1749 5160
5160 5810
5810 478
478 8126
8126 7086
7086 5788
5788 104
104 1768
1768 5483
5483 3110
3110 3724
3724 5971
5971 3215
3215 5509
5509 3552
3552 3047
3047 2653
2653 4146
4146 4954
4954 2308
2308 6472
6472 3541
3541 2860
2860 7665
7665 7440
7440 3615
3615 4118
4118 4478
4478 2407
2407 8155
8155 7579
7579 5978
5978 3334
3334 7532
7532 5179
5179 6133
6133 5969
5969 3181
3181 4931
4931 1917
1917 8016
8016 5216
5216 6762
6762 280
280 4760
4760 7201
7201 7743
7743 575
575 1584
1584 2355
2355 7271
7271 742
742 4423
4423 1472
1472 451
451 7667
7667 7474
7474 4193
4193 5753
5753 7700
7700 8035
8035 5539
5539 4062
4062 3526
3526 2605
2605 3330
3330 7464
7464 4023
4023 2863
2863 7716
7716 116
116 1972
1972 760
760 4729
4729 6674
6674 6975
6975 3901
3901 789
789 5222
5222 6864
6864 2014
2014 1474
1474 485
485 54
54 918
918 7415
7415 3190
3190 5084
5084 4518
4518 3087
3087 3333
3333 7515
7515 4890
4890 1220
1220 4358
4358 367
367 6239
6239 7771
7771 1051
1051 1485
1485 672
672 3233
3233 5815
5815 563
563 1380
1380 7078
7078 5652
5652 5983
5983 3419
3419 786
786 5171
5171 5997
5997 3657
3657 4832
4832 234
234 3978
3978 2098
2098 2902
2902 188
188 3196
3196 5186
5186 6252
6252 7992
7992 4808
4808 8017
8017 5233
5233 7051
7051 5193
5193 6371
6371 1824
1824 6435
6435 2912
2912 358
358 6086
6086 5170
5170 5980
5980 3368
3368 8110
8110 6814
6814 1164
1164 3406
3406 565
565 1414
1414 7656
7656 7287
7287 1014
1014 856
856 6361
6361 1654
1654 3545
3545 2928
2928 630
630 2519
2519 1868
1868 7183
7183 7437
7437 3564
3564 3251
3251 6121
6121 5765
5765 7904
7904 3312
3312 7158
7158 7012
7012 4530
4530 3291
3291 6801
6801 943
943 7840
7840 2224
2224 5044
5044 3838
3838 7909
7909 3397
3397 412
412 7004
7004 4394
4394 979
979 261
261 4437
4437 1710
1710 4497
4497 2730
2730 5455
5455 2634
2634 3823
3823 7654
7654 7253
7253 436
436 7412
7412 3139
3139 4217
4217 6161
6161 6445
6445 3082
3082 3248
3248 6070
6070 4898
4898 1356
1356 6670
6670 6907
6907 2745
2745 5710
5710 6969
6969 3799
3799 7246
7246 317
317 5389
5389 1512
1512 1131
1131 2845
2845 7410
7410 3105
3105 3639
3639 4526
4526 3223
3223 5645
