17 4913
289 1611
4913 2814
1611 6883
2814 2337
6883 6965
2337 3731
6965 6090
3731 5238
6090 7136
5238 6638
7136 6363
6638 1688
6363 4123
1688 4563
4123 3852
4563 8147
3852 7443
8147 3666
7443 4985
3666 2835
4985 7240
2835 215
7240 3655
215 4798
3655 7847
4798 2343
7847 7067
2343 5465
7067 2804
5465 6713
2804 7638
6713 6981
7638 4003
6981 2523
4003 1936
2523 148
1936 2516
148 1817
2516 6316
1817 889
6316 6922
889 3000
6922 1854
3000 6945
1854 3391
6945 310
3391 5270
310 7680
5270 7695
7680 7950
7695 4094
7950 4070
4094 3662
4070 4917
3662 1679
4917 3970
1679 1962
3970 590
1962 1839
590 6690
1839 7247
6690 334
7247 5678
334 6425
5678 2742
6425 5659
2742 6102
5659 5442
6102 2413
5442 66
2413 1122
66 2692
1122 4809
2692 8034
4809 5522
8034 3773
5522 6804
3773 994
6804 516
994 581
516 1686
581 4089
1686 3985
4089 2217
3985 4925
2217 1815
4925 6282
1815 311
6282 5287
311 7969
5287 4417
7969 1370
4417 6908
1370 2762
6908 5999
2762 3691
5999 5410
3691 1869
5410 7200
1869 7726
7200 286
7726 4862
286 744
4862 4457
744 2050
4457 2086
2050 2698
2086 4911
2698 1577
4911 2236
1577 5248
2236 7306
5248 1337
7306 6347
1337 1416
6347 7690
1416 7865
7690 2649
7865 4078
2649 3798
4078 7229
3798 28
7229 476
28 8092
476 6508
8092 4153
6508 5073
4153 4331
5073 8099
4331 6627
8099 6176
6627 6700
6176 7417
6700 3224
7417 5662
3224 6153
5662 6309
6153 770
6309 4899
770 1373
4899 6959
1373 3629
6959 4356
3629 333
4356 5661
333 6136
5661 6020
6136 4048
6020 3288
4048 6750
3288 76
6750 1292
76 5582
1292 4793
5582 7762
4793 898
7762 7075
898 5601
7075 5116
5601 5062
5116 4144
5062 4920
4144 1730
4920 4837
1730 319
4837 5423
319 2090
5423 2766
2090 6067
2766 4847
6067 489
4847 122
489 2074
122 2494
2074 1443
2494 8149
1443 7477
8149 4244
7477 6620
4244 6057
6620 4677
6057 5790
4677 138
5790 2346
138 7118
2346 6332
7118 1161
6332 3355
1161 7889
3355 3057
7889 2823
3057 7036
2823 4938
7036 2036
4938 1848
2036 6843
1848 1657
6843 3596
1657 3795
3596 7178
3795 7352
7178 2119
7352 3259
2119 6257
3259 8077
6257 6253
8077 8009
6253 5097
8009 4739
5097 6844
4739 1674
6844 3885
1674 517
3885 598
517 1975
598 811
1975 5596
811 5031
5596 3617
5031 4152
3617 5056
4152 4042
5056 3186
4042 5016
3186 3362
5016 8008
3362 5080
8008 4450
5080 1931
4450 63
1931 1071
63 1825
1071 6452
1825 3201
6452 5271
3201 7697
5271 7984
7697 4672
7984 5705
4672 6884
5705 2354
6884 7254
2354 453
7254 7701
453 8052
7701 5828
8052 784
5828 5137
784 5419
5137 2022
5419 1610
2022 2797
1610 6594
2797 5615
6594 5354
5615 917
5354 7398
917 2901
7398 171
2901 2907
171 273
2907 4641
273 5178
4641 6116
5178 5680
6116 6459
5680 3320
6459 7294
3320 1133
7294 2879
1133 7988
2879 4740
7988 6861
4740 1963
6861 607
1963 2128
607 3412
2128 667
3412 3148
667 4370
3148 571
4370 1516
571 1199
1516 4001
1199 2489
4001 1358
2489 6704
1358 7485
6704 4380
7485 741
4380 4406
741 1183
4406 3729
1183 6056
3729 4660
6056 5501
4660 3416
5501 735
3416 4304
735 7640
4304 7015
7640 4581
7015 4158
4581 5158
4158 5776
5158 8091
5776 6491
8091 3864
6491 160
3864 2720
160 5285
2720 7935
5285 3839
7935 7926
3839 3686
7926 5325
3686 424
5325 7208
424 7862
7208 2598
7862 3211
2598 5441
3211 2396
5441 7968
2396 4400
7968 1081
4400 1995
1081 1151
1995 3185
1151 4999
3185 3073
4999 3095
3073 3469
3095 1636
3469 3239
1636 5917
3239 2297
5917 6285
2297 362
6285 6154
362 6326
6154 1059
6326 1621
1059 2984
1621 1582
2984 2321
1582 6693
2321 7298
6693 1201
7298 4035
1201 3067
4035 2993
3067 1735
2993 4922
1735 1764
4922 5415
1764 1954
5415 454
1954 7718
454 150
7718 2550
150 2395
2550 7951
2395 4111
7951 4359
4111 384
4359 6528
384 4493
6528 2662
4493 4299
2662 7555
4299 5570
7555 4589
5570 4294
4589 7470
4294 4125
7470 4597
4125 4430
4597 1591
4430 2474
1591 1103
2474 2369
1103 7509
2369 4788
7509 7677
4788 7644
7677 7083
7644 5737
7083 7428
5737 3411
7428 650
3411 2859
650 7648
2859 7151
7648 6893
7151 2507
6893 1664
2507 3715
1664 5818
3715 614
5818 2247
614 5435
2247 2294
5435 6234
2294 7686
6234 7797
7686 1493
7797 808
1493 5545
808 4164
5545 5260
4164 7510
5260 4805
7510 7966
4805 4366
7966 503
4366 360
503 6120
360 5748
6120 7615
5748 6590
7615 5547
6590 4198
5547 5838
4198 954
5838 8027
954 5403
8027 1750
5403 5177
1750 6099
5177 5391
6099 1546
5391 1709
1546 4480
1709 2441
4480 542
2441 1023
542 1009
1023 771
1009 4916
771 1662
4916 3681
1662 5240
3681 7170
5240 7216
7170 7998
7216 4910
7998 1560
4910 1947
1560 335
1947 5695
335 6714
5695 7655
6714 7270
7655 725
7270 4134
725 4750
4134 7031
4750 4853
7031 591
4853 1856
591 6979
1856 3969
6979 1945
3969 301
1945 5117
301 5079
5117 4433
5079 1642
4433 3341
1642 7651
3341 7202
7651 7760
7202 864
7760 6497
864 3966
6497 1894
3966 7625
1894 6760
7625 246
6760 4182
246 5566
4182 4521
5566 3138
4521 4200
3138 5872
4200 1532
5872 1471
1532 434
1471 7378
434 2561
7378 2582
2561 2939
2582 817
2939 5698
817 6765
5698 331
6765 5627
331 5558
5627 4385
5558 826
4385 5851
826 1175
5851 3593
1175 3744
3593 6311
3744 804
6311 5477
804 3008
5477 1990
3008 1066
1990 1740
1066 5007
1740 3209
5007 5407
3209 1818
5407 6333
1818 1178
6333 3644
1178 4611
3644 4668
4611 5637
4668 5728
5637 7275
5728 810
7275 5579
810 4742
5579 6895
4742 2541
6895 2242
2541 5350
2242 849
5350 6242
849 7822
6242 1918
7822 8033
1918 5505
8033 3484
5505 1891
3484 7574
1891 5893
7574 1889
5893 7540
1889 5315
7540 254
5315 4318
254 7878
4318 2870
7878 7835
2870 2139
7835 3599
2139 3846
3599 8045
3846 5709
8045 6952
5709 3510
6952 2333
3510 6897
2333 2575
6897 2820
2575 6985
2820 4071
6985 3679
4071 5206
3679 6592
5206 5581
6592 4776
5581 7473
4776 4176
7473 5464
4176 2787
5464 6424
2787 2725
6424 5370
2725 1189
5370 3831
1189 7790
3831 1374
7790 6976
1374 3918
6976 1078
3918 1944
1078 284
1944 4828
284 166
4828 2822
166 7019
2822 4649
7019 5314
4649 237
5314 4029
237 2965
4029 1259
2965 5021
1259 3447
5021 1262
3447 5072
1262 4314
5072 7810
4314 1714
7810 4565
1714 3886
4565 534
3886 887
534 6888
887 2422
6888 219
2422 3723
219 5954
3723 2926
5954 596
2926 1941
596 233
1941 3961
233 1809
3961 6180
1809 6768
6180 382
6768 6494
382 3915
6494 1027
3915 1077
1027 1927
1077 8186
1927 8106
8186 6746
8106 8
6746 136
8 2312
136 6540
2312 4697
6540 6130
4697 5918
6130 2314
5918 6574
2314 5275
6574 7765
5275 949
7765 7942
949 3958
7942 1758
3958 5313
1758 220
5313 3740
220 6243
3740 7839
6243 2207
7839 4755
2207 7116
4755 6298
7116 583
6298 1720
583 4667
1720 5620
4667 5439
5620 2362
5439 7390
2362 2765
7390 6050
2765 4558
6050 3767
4558 6702
3767 7451
6702 3802
7451 7297
3802 1184
7297 3746
1184 6345
3746 1382
6345 7112
1382 6230
7112 7618
6230 6641
7618 6414
6641 2555
6414 2480
2555 1205
2480 4103
1205 4223
4103 6263
4223 8179
6263 7987
8179 4723
7987 6572
4723 5241
6572 7187
5241 7505
7187 4720
7505 6521
4720 4374
6521 639
4374 2672
639 4469
2672 2254
4469 5554
2254 4317
5554 7861
4317 2581
7861 2922
2581 528
2922 785
528 5154
785 5708
5154 6935
5708 3221
6935 5611
3221 5286
5611 7952
5286 4128
7952 4648
4128 5297
4648 8139
5297 7307
8139 1354
7307 6636
1354 6329
6636 1110
6329 2488
1110 1341
2488 6415
1341 2572
6415 2769
2572 6118
2769 5714
6118 7037
5714 4955
7037 2325
4955 6761
2325 263
6761 4471
263 2288
4471 6132
2288 5952
6132 2892
5952 18
2892 306
18 5202
306 6524
5202 4425
6524 1506
4425 1029
1506 1111
1029 2505
1111 1630
2505 3137
1630 4183
3137 5583
4183 4810
5583 8051
4810 5811
8051 495
5811 224
495 3808
224 7399
3808 2918
7399 460
2918 7820
460 1884
7820 7455
1884 3870
7455 262
3870 4454
262 1999
4454 1219
1999 4341
1219 78
4341 1326
78 6160
1326 6428
6160 2793
6428 6526
2793 4459
6526 2084
4459 2664
2084 4333
2664 8133
4333 7205
8133 7811
7205 1731
7811 4854
1731 608
4854 2145
608 3701
2145 5580
3701 4759
5580 7184
4759 7454
7184 3853
7454 8164
3853 7732
8164 388
7732 6596
388 5649
6596 5932
5649 2552
5932 2429
2552 338
2429 5746
338 7581
5746 6012
7581 3912
6012 976
3912 210
976 3570
210 3353
3570 7855
3353 2479
7855 1188
2479 3814
1188 7501
3814 4652
7501 5365
4652 1104
5365 2386
1104 7798
2386 1510
7798 1097
1510 2267
1097 5775
2267 8074
5775 6202
8074 7142
6202 6740
7142 8097
6740 6593
8097 5598
6593 5065
5598 4195
5065 5787
4195 87
5787 1479
87 570
1479 1499
570 910
1499 7279
910 878
7279 6735
878 8012
6735 5148
8012 5606
5148 5201
5606 6507
5201 4136
6507 4784
4136 7609
4784 6488
7609 3813
6488 7484
3813 4363
7484 452
4363 7684
452 7763
7684 915
7763 7364
915 2323
7364 6727
2323 7876
6727 2836
7876 7257
2836 504
7257 377
504 6409
377 2470
6409 1035
2470 1213
1035 4239
1213 6535
4239 4612
6535 4685
4612 5926
4685 2450
5926 695
2450 3624
695 4271
3624 7079
4271 5669
7079 6272
5669 141
6272 2397
141 7985
2397 4689
7985 5994
4689 3606
5994 3965
3606 1877
3965 7336
1877 1847
7336 6826
1847 1368
6826 6874
1368 2184
6874 4364
2184 469
4364 7973
469 4485
7973 2526
4485 1987
2526 1015
1987 873
1015 6650
873 6567
6650 5156
6567 5742
5156 7513
5742 4856
7513 642
4856 2723
642 5336
2723 611
5336 2196
611 4568
2196 3937
4568 1401
3937 7435
1401 3530
7435 2673
3530 4486
2673 2543
4486 2276
2543 5928
2276 2484
5928 1273
2484 5259
1273 7493
5259 4516
7493 3053
4516 2755
3053 5880
2755 1668
5880 3783
1668 6974
3783 3884
6974 500
3884 309
500 5253
309 7391
5253 2782
7391 6339
2782 1280
6339 5378
1280 1325
5378 6143
1325 6139
6143 6071
6139 4915
6071 1645
4915 3392
1645 327
3392 5559
327 4402
5559 1115
4402 2573
1115 2786
2573 6407
2786 2436
6407 457
2436 7769
457 1017
7769 907
1017 7228
907 11
7228 187
11 3179
187 4897
3179 1339
4897 6381
1339 1994
6381 1134
1994 2896
1134 86
2896 1462
86 281
1462 4777
281 7490
4777 4465
7490 2186
4465 4398
2186 1047
4398 1417
1047 7707
1417 8154
7707 7562
8154 5689
7562 6612
5689 5921
6612 2365
5921 7441
2365 3632
7441 4407
3632 1200
4407 4018
1200 2778
4018 6271
2778 124
6271 2108
124 3072
2108 3078
3072 3180
3078 4914
3180 1628
4914 3103
1628 3605
3103 3948
3605 1588
3948 2423
1588 236
2423 4012
236 2676
4012 4537
2676 3410
4537 633
3410 2570
633 2735
2570 5540
2735 4079
5540 3815
4079 7518
3815 4941
7518 2087
4941 2715
2087 5200
2715 6490
5200 3847
6490 8062
3847 5998
8062 3674
5998 5121
3674 5147
5121 5589
5147 4912
5589 1594
4912 2525
1594 1970
2525 726
1970 4151
726 5039
4151 3753
5039 6464
3753 3405
6464 548
3405 1125
548 2743
1125 5676
2743 6391
5676 2164
6391 4024
2164 2880
4024 8005
2880 5029
8005 3583
5029 3574
3583 3421
3574 820
3421 5749
820 7632
5749 6879
7632 2269
6879 5809
2269 461
5809 7837
461 2173
7837 4177
2173 5481
4177 3076
5481 3146
3076 4336
3146 8184
4336 8072
8184 6168
8072 6564
6168 5105
6564 4875
5105 965
4875 23
965 391
23 6647
391 6516
6647 4289
6516 7385
4289 2680
7385 4605
2680 4566
4605 3903
4566 823
3903 5800
823 308
5800 5236
308 7102
5236 6060
7102 4728
6060 6657
4728 6686
6657 7179
6686 7369
7179 2408
7369 8172
2408 7868
8172 2700
7868 4945
2700 2155
4945 3871
2155 279
3871 4743
279 6912
4743 2830
6912 7155
2830 6961
7155 3663
6961 4934
3663 1968
4934 692
1968 3573
692 3404
3573 531
3404 836
531 6021
836 4065
6021 3577
4065 3472
3577 1687
3472 4106
1687 4274
4106 7130
4274 6536
7130 4629
6536 4974
4629 2648
4974 4061
2648 3509
4061 2316
3509 6608
2316 5853
6608 1209
5853 4171
1209 5379
4171 1342
5379 6432
1342 2861
6432 7682
2861 7729
7682 337
7729 5729
337 7292
5729 1099
7292 2301
1099 6353
2301 1518
6353 1233
1518 4579
1233 4124
4579 4580
4124 4141
4580 4869
4141 863
4869 6480
863 3677
6480 5172
3677 6014
5172 3946
6014 1554
3946 1845
1554 6792
1845 790
6792 5239
790 7153
5239 6927
7153 3085
6927 3299
3085 6937
3299 3255
6937 6189
3255 6921
6189 2983
6921 1565
2983 2032
1565 1780
2032 5687
1780 6578
5687 5343
6578 730
5343 4219
730 6195
4219 7023
6195 4717
7023 6470
4717 3507
6470 2282
3507 6030
2282 4218
6030 6178
4218 6734
6178 7995
6734 4859
7995 693
4859 3590
693 3693
3590 5444
3693 2447
5444 644
2447 2757
644 5914
2757 2246
5914 5418
2246 2005
5418 1321
2005 6075
1321 4983
6075 2801
4983 6662
2801 6771
6662 433
6771 7361
433 2272
7361 5860
2272 1328
5860 6194
1328 7006
6194 4428
7006 1557
4428 1896
1557 7659
1896 7338
7659 1881
7338 7404
1881 3003
7404 1905
3003 7812
1905 1748
7812 5143
1748 5521
5143 3756
5521 6515
3756 4272
6515 7096
4272 5958
7096 2994
5958 1752
2994 5211
1752 6677
5211 7026
6677 4768
7026 7337
4768 1864
7337 7115
1864 6281
7115 294
6281 4998
294 3056
4998 2806
3056 6747
2806 25
6747 425
25 7225
425 8151
7225 7511
8151 4822
7511 64
4822 1088
64 2114
1088 3174
2114 4812
3174 8085
4812 6389
8085 2130
6389 3446
2130 1245
3446 4783
1245 7592
4783 6199
7592 7091
6199 5873
7091 1549
5873 1760
1549 5347
1760 798
5347 5375
798 1274
5375 5276
1274 7782
5276 1238
7782 4664
1238 5569
4664 4572
5569 4005
4572 2557
4005 2514
2557 1783
2514 5738
1783 7445
5738 3700
7445 5563
3700 4470
5563 2271
4470 5843
2271 1039
5843 1281
1039 5395
1281 1614
5395 2865
1614 7750
2865 694
7750 3607
694 3982
3607 2166
3982 4058
2166 3458
4058 1449
3458 60
1449 1020
60 958
1020 8095
958 6559
8095 5020
6559 3430
5020 973
3430 159
973 2703
159 4996
2703 3022
4996 2228
3022 5112
2228 4994
5112 2988
4994 1650
2988 3477
1650 1772
3477 5551
1772 4266
5551 6994
4266 4224
6994 6280
4224 277
6280 4709
277 6334
4709 1195
6334 3933
1195 1333
3933 6279
1333 260
6279 4420
260 1421
4420 7775
1421 1119
7775 2641
1119 3942
2641 1486
3942 689
1486 3522
689 2537
3522 2174
2537 4194
2174 5770
4194 7989
5770 4757
7989 7150
4757 6876
7150 2218
6876 4942
2218 2104
4942 3004
2104 1922
3004 8101
1922 6661
8101 6754
6661 144
6754 2448
144 661
2448 3046
661 2636
3046 3857
2636 41
3857 697
41 3658
697 4849
3658 523
4849 700
523 3709
700 5716
3709 7071
5716 5533
7071 3960
5533 1792
3960 5891
1792 1855
5891 6962
1855 3680
6962 5223
3680 6881
5223 2303
6881 6387
2303 2096
6387 2868
2096 7801
2868 1561
7801 1964
1561 624
1964 2417
624 134
2417 2278
134 5962
2278 3062
5962 2908
3062 290
2908 4930
290 1900
4930 7727
1900 303
7727 5151
303 5657
5151 6068
5657 4864
6068 778
4864 5035
778 3685
5035 5308
3685 135
5308 2295
135 6251
2295 7975
6251 4519
7975 3104
4519 3622
3104 4237
3622 6501
4237 4034
6501 3050
4034 2704
3050 5013
2704 3311
5013 7141
3311 6723
7141 7808
6723 1680
7808 3987
1680 2251
3987 5503
2251 3450
5503 1313
3450 5939
1313 2671
5939 4452
2671 1965
4452 641
1965 2706
641 5047
2706 3889
5047 585
3889 1754
585 5245
1754 7255
5245 470
7255 7990
470 4774
7990 7439
4774 3598
7439 3829
3598 7756
3829 796
7756 5341
796 696
5341 3641
696 4560
3641 3801
4560 7280
3801 895
7280 7024
895 4734
7024 6759
4734 229
6759 3893
229 653
3893 2910
653 324
2910 5508
324 3535
5508 2758
3535 5931
2758 2535
5931 2140
2535 3616
2140 4135
3616 4767
4135 7320
4767 1575
7320 2202
1575 4670
2202 5671
4670 6306
5671 719
6306 4032
719 3016
4032 2126
3016 3378
2126 89
3378 1513
89 1148
1513 3134
1148 4132
3134 4716
4132 6453
4716 3218
6453 5560
3218 4419
5560 1404
4419 7486
1404 4397
7486 1030
4397 1128
1030 2794
1128 6543
2794 4748
6543 6997
4748 4275
6997 7147
4275 6825
7147 1351
6825 6585
1351 5462
6585 2753
5462 5846
2753 1090
5846 2148
1090 3752
2148 6447
3752 3116
6447 3826
3116 7705
3826 8120
7705 6984
8120 4054
6984 3390
4054 293
3390 4981
293 2767
4981 6084
2767 5136
6084 5402
5136 1733
5402 4888
1733 1186
4888 3780
1186 6923
3780 3017
6923 2143
3017 3667
2143 5002
3667 3124
5002 3962
3124 1826
3962 6469
1826 3490
6469 1993
3490 1117
1993 2607
1117 3364
2607 8042
3364 5658
8042 6085
5658 5153
6085 5691
5153 6646
5691 6499
6646 4000
6499 2472
4000 1069
2472 1791
1069 5874
1791 1566
5874 2049
1566 2069
2049 2409
2069 8189
2409 8157
8189 7613
8157 6556
7613 4969
6556 2563
4969 2616
2563 3517
2616 2452
3517 729
2452 4202
729 5906
4202 2110
5906 3106
2110 3656
3106 4815
3656 8136
4815 7256
8136 487
7256 88
487 1496
88 859
1496 6412
859 2521
6412 1902
2521 7761
1902 881
7761 6786
881 688
6786 3505
688 2248
3505 5452
2248 2583
5452 2956
2583 1106
2956 2420
1106 185
2420 3145
185 4319
3145 7895
4319 3159
7895 4557
3159 3750
4557 6413
3750 2538
6413 2191
2538 4483
2191 2492
4483 1409
2492 7571
1409 5842
7571 1022
5842 992
1022 482
992 3
482 51
3 867
51 6548
867 4833
6548 251
4833 4267
251 7011
4267 4513
7011 3002
4513 1888
3002 7523
1888 5026
7523 3532
5026 2707
3532 5064
2707 4178
5064 5498
4178 3365
5498 8059
3365 5947
8059 2807
5947 6764
2807 314
6764 5338
314 645
5338 2774
645 6203
2774 7159
6203 7029
7159 4819
7029 13
4819 221
13 3757
221 6532
3757 4561
6532 3818
4561 7569
3818 5808
7569 444
5808 7548
444 5451
7548 2566
5451 2667
2566 4384
2667 809
4384 5562
809 4453
5562 1982
4453 930
1982 7619
930 6658
7619 6703
6658 7468
6703 4091
7468 4019
4091 2795
4019 6560
2795 5037
6560 3719
5037 5886
3719 1770
5886 5517
1770 3688
5517 5359
3688 1002
5359 652
1002 2893
652 35
2893 595
35 1924
595 8135
1924 7239
8135 198
7239 3366
198 8076
3366 6236
8076 7720
6236 184
7720 3128
184 4030
3128 2982
4030 1548
2982 1743
1548 5058
1743 4076
5058 3764
4076 6651
3764 6584
6651 5445
6584 2464
5445 933
2464 7670
933 7525
7670 5060
7525 4110
5060 4342
4110 95
4342 1615
95 2882
1615 8039
2882 5607
8039 5218
5607 6796
5218 858
6796 6395
858 2232
6395 5180
2232 6150
5180 6258
6150 8094
6258 6542
8094 4731
6542 6708
4731 7553
6708 5536
7553 4011
5536 2659
4011 4248
2659 6688
4248 7213
6688 7947
7213 4043
7947 3203
4043 5305
3203 84
5305 1428
84 7894
1428 3142
7894 4268
3142 7028
4268 4802
7028 7915
4802 3499
7915 2146
3499 3718
2146 5869
3718 1481
5869 604
1481 2077
604 2545
2077 2310
2545 6506
2310 4119
6506 4495
4119 2696
4495 4877
2696 999
4877 601
999 2026
601 1678
2026 3953
1678 1673
3953 3868
1673 228
3868 3876
228 364
3876 6188
364 6904
6188 2694
6904 4843
2694 421
4843 7157
421 6995
7157 4241
6995 6569
4241 5190
6569 6320
5190 957
6320 8078
957 6270
8078 107
6270 1819
107 6350
1819 1467
6350 366
1467 6222
366 7482
6222 4329
7482 8065
4329 6049
8065 4541
6049 3478
4541 1789
3478 5840
1789 988
5840 414
988 7038
414 4972
7038 2614
4972 3483
2614 1874
3483 7285
1874 980
7285 278
980 4726
278 6623
4726 6108
6623 5544
6108 4147
5544 4971
4147 2597
4971 3194
2597 5152
3194 5674
5152 6357
5674 1586
6357 2389
1586 7849
2389 2377
7849 7645
2377 7100
7645 6026
7100 4150
6026 5022
4150 3464
5022 1551
3464 1794
1551 5925
1794 2433
5925 406
2433 6902
406 2660
6902 4265
2660 6977
4265 3935
6977 1367
3935 6857
1367 1895
6857 7642
1895 7049
7642 5159
7049 5793
5159 189
5793 3213
189 5475
3213 2974
5475 1412
2974 7622
1412 6709
7622 7570
6709 5825
7570 733
5825 4270
733 7062
4270 5380
7062 1359
5380 6721
1359 7774
6721 1102
7774 2352
1102 7220
2352 8066
7220 6066
8066 4830
6066 200
4830 3400
200 463
3400 7871
463 2751
7871 5812
2751 512
5812 513
512 530
513 819
530 5732
819 7343
5732 1966
7343 658
1966 2995
658 1769
2995 5500
1769 3399
5500 446
3399 7582
446 6029
7582 4201
6029 5889
4201 1821
5889 6384
1821 2045
6384 2001
2045 1253
2001 4919
1253 1713
4919 4548
1713 3597
4548 3812
3597 7467
3812 4074
7467 3730
4074 6073
3730 4949
6073 2223
4949 5027
2223 3549
5027 2996
3549 1786
2996 5789
1786 121
5789 2057
121 2205
2057 4721
2205 6538
4721 4663
6538 5552
4663 4283
5552 7283
4283 946
7283 7891
946 3091
7891 3401
3091 480
3401 8160
480 7664
8160 7423
7664 3326
7423 7396
3326 2867
7396 7784
2867 1272
7784 5242
1272 7204
5242 7794
7204 1442
7794 8132
1442 7188
8132 7522
7188 5009
7522 3243
5009 5985
3243 3453
5985 1364
3453 6806
1364 1028
6806 1094
1028 2216
1094 4908
2216 1526
4908 1369
1526 6891
1369 2473
6891 1086
2473 2080
1086 2596
2080 3177
2596 4863
3177 761
4863 4746
761 6963
4746 3697
6963 5512
3697 3603
5512 3914
3603 1010
3914 788
1010 5205
788 6575
5205 5292
6575 8054
5292 5862
8054 1362
5862 6772
1362 450
6772 7650
450 7185
7650 7471
7185 4142
7471 4886
4142 1152
4886 3202
1152 5288
3202 7986
5288 4706
7986 6283
4706 328
6283 5576
328 4691
5576 6028
4691 4184
6028 5600
4184 5099
5600 4773
5099 7422
4773 3309
7422 7107
3309 6145
7107 6173
6145 6649
6173 6550
6649 4867
6550 829
4867 5902
829 2042
5902 1950
2042 386
1950 6562
386 5071
6562 4297
5071 7521
4297 4992
7521 2954
4992 1072
2954 1842
1072 6741
1842 8114
6741 6882
8114 2320
6882 6676
2320 7009
6676 4479
7009 2424
4479 253
2424 4301
253 7589
4301 6148
7589 6224
6148 7516
6224 4907
7516 1509
4907 1080
1509 1978
1080 862
1978 6463
862 3388
6463 259
3388 4403
259 1132
4403 2862
1132 7699
2862 8018
7699 5250
8018 7340
5250 1915
7340 7982
1915 4638
7982 5127
4638 5249
5127 7323
5249 1626
7323 3069
1626 3027
3069 2313
3027 6557
2313 4986
6557 2852
4986 7529
2852 5128
7529 5266
5128 7612
5266 6539
7612 4680
6539 5841
4680 1005
5841 703
1005 3760
703 6583
3760 5428
6583 2175
5428 4211
2175 6059
4211 4711
6059 6368
4711 1773
6368 5568
1773 4555
5568 3716
4555 5835
3716 903
5835 7160
903 7046
7160 5108
7046 4926
5108 1832
4926 6571
1832 5224
6571 6898
5224 2592
6898 3109
2592 3707
3109 5682
3707 6493
5682 3898
6493 738
3898 4355
738 316
4355 5372
316 1223
5372 4409
1223 1234
4409 4596
1234 4413
4596 1302
4413 5752
1302 7683
5752 7746
7683 626
7746 2451
626 712
2451 3913
712 993
3913 499
993 292
499 4964
292 2478
4964 1171
2478 3525
1171 2588
3525 3041
2588 2551
3041 2412
2551 49
2412 833
49 5970
833 3198
5970 5220
3198 6830
5220 1436
6830 8030
1436 5454
8030 2617
5454 3534
2617 2741
3534 5642
2741 5813
5642 529
5813 802
529 5443
802 2430
5443 355
2430 6035
355 4303
6035 7623
4303 6726
7623 7859
6726 2547
7859 2344
2547 7084
2344 5754
7084 7717
5754 133
7717 2261
133 5673
2261 6340
5673 1297
6340 5667
1297 6238
5667 7754
6238 762
7754 4763
762 7252
4763 419
7252 7123
419 6417
7123 2606
6417 3347
2606 7753
3347 745
7753 4474
745 2339
4474 6999
2339 4309
6999 7725
4309 269
7725 4573
269 4022
4573 2846
4022 7427
2846 3394
7427 361
3394 6137
361 6037
6137 4337
6037 10
4337 170
10 2890
170 8175
2890 7919
8175 3567
7919 3302
3567 6988
3302 4122
6988 4546
4122 3563
4546 3234
3563 5832
3234 852
5832 6293
852 498
6293 275
498 4675
275 5756
4675 7751
5756 711
7751 3896
711 704
3896 3777
704 6872
3777 2150
6872 3786
2150 7025
3786 4751
7025 7048
4751 5142
7048 5504
5142 3467
5504 1602
3467 2661
1602 4282
2661 7266
4282 657
7266 2978
657 1480
2978 587
1480 1788
587 5823
1788 699
5823 3692
699 5427
3692 2158
5427 3922
2158 1146
3922 3100
1146 3554
3100 3081
3554 3231
3081 5781
3231 8176
5781 7936
8176 3856
7936 24
3856 408
24 6936
408 3238
6936 5900
3238 2008
5900 1372
2008 6942
1372 3340
6942 7634
3340 6913
7634 2847
6913 7444
2847 3683
7444 5274
3683 7748
5274 660
7748 3029
660 2347
3029 7135
2347 6621
7135 6074
6621 4966
6074 2512
4966 1749
2512 5160
1749 5810
5160 478
5810 8126
478 7086
8126 5788
7086 104
5788 1768
104 5483
1768 3110
5483 3724
3110 5971
3724 3215
5971 5509
3215 3552
5509 3047
3552 2653
3047 4146
2653 4954
4146 2308
4954 6472
2308 3541
6472 2860
3541 7665
2860 7440
7665 3615
7440 4118
3615 4478
4118 2407
4478 8155
2407 7579
8155 5978
7579 3334
5978 7532
3334 5179
7532 6133
5179 5969
6133 3181
5969 4931
3181 1917
4931 8016
1917 5216
8016 6762
5216 280
6762 4760
280 7201
4760 7743
7201 575
7743 1584
575 2355
1584 7271
2355 742
7271 4423
742 1472
4423 451
1472 7667
451 7474
7667 4193
7474 5753
4193 7700
5753 8035
7700 5539
8035 4062
5539 3526
4062 2605
3526 3330
2605 7464
3330 4023
7464 2863
4023 7716
2863 116
7716 1972
116 760
1972 4729
760 6674
4729 6975
6674 3901
6975 789
3901 5222
789 6864
5222 2014
6864 1474
2014 485
1474 54
485 918
54 7415
918 3190
7415 5084
3190 4518
5084 3087
4518 3333
3087 7515
3333 4890
7515 1220
4890 4358
1220 367
4358 6239
367 7771
6239 1051
7771 1485
1051 672
1485 3233
672 5815
3233 563
5815 1380
563 7078
1380 5652
7078 5983
5652 3419
5983 786
3419 5171
786 5997
5171 3657
5997 4832
3657 234
4832 3978
234 2098
3978 2902
2098 188
2902 3196
188 5186
3196 6252
5186 7992
6252 4808
7992 8017
4808 5233
8017 7051
5233 5193
7051 6371
5193 1824
6371 6435
1824 2912
6435 358
2912 6086
358 5170
6086 5980
5170 3368
5980 8110
3368 6814
8110 1164
6814 3406
1164 565
3406 1414
565 7656
1414 7287
7656 1014
7287 856
1014 6361
856 1654
6361 3545
1654 2928
3545 630
2928 2519
630 1868
2519 7183
1868 7437
7183 3564
7437 3251
3564 6121
3251 5765
6121 7904
5765 3312
7904 7158
3312 7012
7158 4530
7012 3291
4530 6801
3291 943
6801 7840
943 2224
7840 5044
2224 3838
5044 7909
3838 3397
7909 412
3397 7004
412 4394
7004 979
4394 261
979 4437
261 1710
4437 4497
1710 2730
4497 5455
2730 2634
5455 3823
2634 7654
3823 7253
7654 436
7253 7412
436 3139
7412 4217
3139 6161
4217 6445
6161 3082
6445 3248
3082 6070
3248 4898
6070 1356
4898 6670
1356 6907
6670 2745
6907 5710
2745 6969
5710 3799
6969 7246
3799 317
7246 5389
317 1512
5389 1131
1512 2845
1131 7410
2845 3105
7410 3639
3105 4526
3639 3223
4526 5645
