85 7225
7225 7991
7991 7573
7573 4807
4807 7236
7236 735
735 5138
5138 2607
2607 438
438 4466
4466 2824
2824 2501
2501 7810
7810 379
379 7642
7642 2481
2481 6110
6110 3317
3317 3451
3451 6650
6650 71
71 6035
6035 5133
5133 2182
2182 5268
5268 5466
5466 5914
5914 3039
3039 4394
4394 4895
4895 6525
6525 5828
5828 3920
3920 5560
5560 5713
5713 2336
2336 1976
1976 4140
4140 7878
7878 6159
6159 7482
7482 5263
5263 5041
5041 2553
2553 4039
4039 7484
7484 5433
5433 3109
3109 2153
2153 2803
2803 716
716 3523
3523 4579
4579 4238
4238 8017
8017 1592
1592 4264
4264 2036
2036 1049
1049 7255
7255 2350
2350 3166
3166 6998
6998 5078
5078 5698
5698 1061
1061 84
84 7140
7140 766
766 7773
7773 5425
5425 2429
2429 1690
1690 4403
4403 5660
5660 6022
6022 4028
4028 6549
6549 7868
7868 5309
5309 760
760 7263
7263 3030
3030 3629
3629 5398
5398 134
134 3199
3199 1612
1612 5964
5964 7289
7289 5240
5240 3086
3086 198
198 448
448 5316
5316 1355
1355 501
501 1630
1630 7494
7494 6283
6283 1640
1640 153
153 4814
4814 7831
7831 2164
2164 3738
3738 6472
6472 1323
1323 5972
5972 7969
7969 5703
5703 1486
1486 3445
3445 6140
6140 5867
5867 7235
7235 650
650 6104
6104 2807
2807 1056
1056 7850
7850 3779
3779 1766
1766 2672
2672 5963
5963 7204
7204 6206
6206 3286
3286 816
816 3832
3832 6271
6271 620
620 3554
3554 7214
7214 7056
7056 1817
1817 7007
7007 5843
5843 5195
5195 7452
7452 2713
2713 1257
1257 362
362 6197
6197 2521
2521 1319
1319 5632
5632 3642
3642 6503
6503 3958
3958 599
599 1769
1769 2927
2927 3065
3065 6604
6604 4352
4352 1325
1325 6142
6142 6037
6037 5303
5303 250
250 4868
4868 4230
4230 7337
7337 1129
1129 5864
5864 6980
6980 3548
3548 6704
6704 4661
4661 3017
3017 2524
2524 1574
1574 2734
2734 3042
3042 4649
4649 1997
1997 5925
5925 3974
3974 1959
1959 2695
2695 7918
7918 1368
1368 1606
1606 5454
5454 4894
4894 6440
6440 6794
6794 4120
4120 6178
6178 906
906 3291
3291 1241
1241 7193
7193 5271
5271 5721
5721 3016
3016 2439
2439 2540
2540 2934
2934 3660
3660 8033
8033 2952
2952 5190
5190 7027
7027 7543
7543 2257
2257 3452
3452 6735
6735 7296
7296 5835
5835 4515
4515 6989
6989 4313
4313 6201
6201 2861
2861 5646
5646 4832
4832 1170
1170 1158
1158 138
138 3539
3539 5939
5939 5164
5164 4817
4817 8086
8086 7457
7457 3138
3138 4618
4618 7553
7553 3107
3107 1983
1983 4735
4735 1116
1116 4759
4759 3156
3156 6148
6148 6547
6547 7698
7698 7241
7241 1160
1160 308
308 1607
1607 5539
5539 3928
3928 6240
6240 6176
6176 736
736 5223
5223 1641
1641 238
238 3848
3848 7631
7631 1546
1546 354
354 5517
5517 2058
2058 2919
2919 2385
2385 6141
6141 5952
5952 6269
6269 450
450 5486
5486 7614
7614 101
101 394
394 726
726 4373
4373 3110
3110 2238
2238 1837
1837 516
516 2905
2905 1195
1195 3283
3283 561
561 6730
6730 6871
6871 2474
2474 5515
5515 1888
1888 4851
4851 2785
2785 7377
7377 4529
4529 8179
8179 7171
7171 3401
3401 2400
2400 7416
7416 7844
7844 3269
3269 7562
7562 3872
3872 1480
1480 2935
2935 3745
3745 7067
7067 2752
2752 4572
4572 3643
3643 6588
6588 2992
2992 399
399 1151
1151 7734
7734 2110
2110 7339
7339 1299
1299 3932
3932 6580
6580 2312
2312 8127
8127 2751
2751 4487
4487 4609
4609 6788
6788 3610
3610 3783
3783 2106
2106 6999
6999 5163
5163 4732
4732 861
861 7657
7657 3756
3756 8002
8002 317
317 2372
2372 5036
5036 2128
2128 678
678 293
293 332
332 3647
3647 6928
6928 7319
7319 7790
7790 6870
6870 2389
2389 6481
6481 2088
2088 5469
5469 6169
6169 141
141 3794
3794 3041
3041 4564
4564 2963
2963 6125
6125 4592
4592 5343
5343 3650
3650 7183
7183 4421
4421 7190
7190 5016
5016 428
428 3616
3616 4293
4293 4501
4501 5799
5799 1455
1455 810
810 3322
3322 3876
3876 1820
1820 7262
7262 2945
2945 4595
4595 5598
5598 752
752 6583
6583 2567
2567 5229
5229 2151
2151 2633
2633 2648
2648 3923
3923 5815
5815 2815
2815 1736
1736 122
122 2179
2179 5013
5013 173
173 6514
6514 4893
4893 6355
6355 7760
7760 4320
4320 6796
6796 4290
4290 4246
4246 506
506 2055
2055 2664
2664 5283
5283 6741
6741 7806
7806 39
39 3315
3315 3281
3281 391
391 471
471 7271
7271 3710
3710 4092
4092 3798
3798 3381
3381 700
700 2163
2163 3653
3653 7438
7438 1523
1523 6590
6590 3162
3162 6658
6658 751
751 6498
6498 3533
3533 5429
5429 2769
2769 6017
6017 3603
3603 3188
3188 677
677 208
208 1298
1298 3847
3847 7546
7546 2512
2512 554
554 6135
6135 5442
5442 3874
3874 1650
1650 1003
1003 3345
3345 5831
5831 4175
4175 2662
2662 5113
5113 482
482 15
15 1275
1275 1892
1892 5191
5191 7112
7112 6577
6577 2057
2057 2834
2834 3351
3351 6341
6341 6570
6570 1462
1462 1405
1405 4751
4751 2476
2476 5685
5685 8147
8147 4451
4451 1549
1549 609
609 2619
2619 1458
1458 1065
1065 424
424 3276
3276 8157
8157 5301
5301 80
80 6800
6800 4630
4630 382
382 7897
7897 7774
7774 5510
5510 1463
1463 1490
1490 3785
3785 2276
2276 5067
5067 4763
4763 3496
3496 2284
2284 5747
5747 5226
5226 1896
1896 5531
5531 3248
3248 5777
5777 7776
7776 5680
5680 7722
7722 1090
1090 2549
2549 3699
3699 3157
3157 6233
6233 5581
5581 7498
7498 6623
6623 5967
5967 7544
7544 2342
2342 2486
2486 6535
6535 6678
6678 2451
2451 3560
3560 7724
7724 1260
1260 617
617 3299
3299 1921
1921 7656
7656 3671
3671 777
777 517
517 2990
2990 229
229 3083
3083 8134
8134 3346
3346 5916
5916 3209
3209 2462
2462 4495
4495 5289
5289 7251
7251 2010
2010 7030
7030 7798
7798 7550
7550 2852
2852 4881
4881 5335
5335 2970
2970 6720
6720 6021
6021 3943
3943 7515
7515 8068
8068 5927
5927 4144
4144 27
27 2295
2295 6682
6682 2791
2791 7887
7887 6924
6924 6979
6979 3463
3463 7670
7670 4861
4861 3635
3635 5908
5908 2529
2529 1999
1999 6095
6095 2042
2042 1559
1559 1459
1459 1150
1150 7649
7649 3076
3076 7539
7539 1917
1917 7316
7316 7535
7535 1577
1577 2989
2989 144
144 4049
4049 143
143 3964
3964 1109
1109 4164
4164 1727
1727 7548
7548 2682
2682 6813
6813 5735
5735 4206
4206 5297
5297 7931
7931 2473
2473 5430
5430 2854
2854 5051
5051 3403
3403 2570
2570 5484
5484 7444
7444 2033
2033 794
794 1962
1962 2950
2950 5020
5020 768
768 7943
7943 3493
3493 2029
2029 454
454 5826
5826 3750
3750 7492
7492 6113
6113 3572
3572 553
553 6050
6050 6408
6408 4074
4074 2268
2268 4387
4387 4300
4300 5096
5096 7228
7228 55
55 4675
4675 4207
4207 5382
5382 6965
6965 2273
2273 4812
4812 7661
7661 4096
4096 4138
4138 7708
7708 8091
8091 7882
7882 6499
6499 3618
3618 4463
4463 2569
2569 5399
5399 219
219 2233
2233 1412
1412 5346
5346 3905
3905 4285
4285 3821
3821 5336
5336 3055
3055 5754
5754 5821
5821 3325
3325 4131
4131 7113
7113 6662
6662 1091
1091 2634
2634 2733
2733 2957
2957 5615
5615 2197
2197 6543
6543 7358
7358 2914
2914 1960
1960 2780
2780 6952
6952 1168
1168 988
988 2070
2070 3939
3939 7175
7175 3741
3741 6727
6727 6616
6616 5372
5372 6115
6115 3742
3742 6812
6812 5650
5650 5172
5172 5497
5497 358
358 5857
5857 6385
6385 2119
2119 8104
8104 796
796 2132
2132 1018
1018 4620
4620 7723
7723 1175
1175 1583
1583 3499
3499 2539
2539 2849
2849 4626
4626 42
42 3570
3570 383
383 7982
7982 6808
6808 5310
5310 845
845 6297
6297 2830
2830 3011
3011 2014
2014 7370
7370 3934
3934 6750
6750 380
380 7727
7727 1515
1515 5910
5910 2699
2699 67
67 5695
5695 806
806 2982
2982 7740
7740 2620
2620 1543
1543 99
99 224
224 2658
2658 4773
4773 4346
4346 815
815 3747
3747 7237
7237 820
820 4172
4172 2407
2407 8011
8011 1082
1082 1869
1869 3236
3236 4757
4757 2986
2986 8080
8080 6947
6947 743
743 5818
5818 3070
3070 7029
7029 7713
7713 325
325 3052
3052 5499
5499 528
528 3925
3925 5985
5985 883
883 1336
1336 7077
7077 3602
3602 3103
3103 1643
1643 408
408 1916
1916 7231
7231 310
310 1777
1777 3607
3607 3528
3528 5004
5004 7599
7599 7017
7017 6693
6693 3726
3726 5452
5452 4724
4724 181
181 7194
7194 5356
5356 4755
4755 2816
2816 1821
1821 7347
7347 1979
1979 4395
4395 4980
4980 5559
5559 5628
5628 3302
3302 2176
2176 4758
4758 3071
3071 7114
7114 6747
6747 125
125 2434
2434 2115
2115 7764
7764 4660
4660 2932
2932 3490
3490 1774
1774 3352
3352 6426
6426 5604
5604 1262
1262 787
787 1367
1367 1521
1521 6420
6420 5094
5094 7058
7058 1987
1987 5075
5075 5443
5443 3959
3959 684
684 803
803 2727
2727 2447
2447 3220
3220 3397
3397 2060
2060 3089
3089 453
453 5741
5741 4716
4716 7692
7692 6731
6731 6956
6956 1508
1508 5315
5315 1270
1270 1467
1467 1830
1830 8112
8112 1476
1476 2595
2595 7609
7609 7867
7867 5224
5224 1726
1726 7463
7463 3648
3648 7013
7013 6353
6353 7590
7590 6252
6252 7196
7196 5526
5526 2823
2823 2416
2416 585
585 579
579 69
69 5865
5865 7065
7065 2582
2582 6504
6504 4043
4043 7824
7824 1569
1569 2309
2309 7872
7872 5649
5649 5087
5087 6463
6463 558
558 6475
6475 1578
1578 3074
3074 7369
7369 3849
3849 7716
7716 580
580 154
154 4899
4899 6865
6865 1964
1964 3120
3120 3088
3088 368
368 6707
6707 4916
4916 119
119 1924
1924 7911
7911 773
773 177
177 6854
6854 1029
1029 5555
5555 5288
5288 7166
7166 2976
2976 7230
7230 225
225 2743
2743 3807
3807 4146
4146 197
197 363
363 6282
6282 1555
1555 1119
1119 5014
5014 258
258 5548
5548 4693
4693 5737
5737 4376
4376 3365
3365 7531
7531 1237
1237 6853
6853 944
944 6521
6521 5488
5488 7784
7784 6360
6360 8185
8185 7681
7681 5796
5796 1200
1200 3708
3708 3922
3922 5730
5730 3781
3781 1936
1936 740
740 5563
5563 5968
5968 7629
7629 1376
1376 2286
2286 5917
5917 3294
3294 1496
1496 4295
4295 4671
4671 3867
3867 1055
1055 7765
7765 4745
4745 1966
1966 3290
3290 1156
1156 8159
8159 5471
5471 6339
6339 6400
6400 3394
3394 1805
1805 5987
5987 1053
1053 7595
7595 6677
6677 2366
2366 4526
4526 7924
7924 1878
1878 4001
4001 4254
4254 1186
1186 2518
2518 1064
1064 339
339 4242
4242 166
166 5919
5919 3464
3464 7755
7755 3895
3895 3435
3435 5290
5290 7336
7336 1044
1044 6830
6830 7180
7180 4166
4166 1897
1897 5616
5616 2282
2282 5577
5577 7158
7158 2296
2296 6767
6767 1825
1825 7687
7687 6306
6306 3595
3595 2508
2508 214
214 1808
1808 6242
6242 6346
6346 6995
6995 4823
4823 405
405 1661
1661 1938
1938 910
910 3631
3631 5568
5568 6393
6393 2799
2799 376
376 7387
7387 5379
5379 6710
6710 5171
5171 5412
5412 1324
1324 6057
6057 7003
7003 5503
5503 868
868 61
61 5185
5185 6602
6602 4182
4182 3257
3257 6542
6542 7273
7273 3880
3880 2160
2160 3398
3398 2145
2145 2123
2123 253
253 5123
5123 1332
1332 6737
6737 7466
7466 3903
3903 4115
4115 5753
5753 5736
5736 4291
4291 4331
4331 7731
7731 1855
1855 2046
2046 1899
1899 5786
5786 350
350 5177
5177 5922
5922 3719
3719 4857
4857 3295
3295 1581
1581 3329
3329 4471
4471 3249
3249 5862
5862 6810
6810 5480
5480 7104
7104 5897
5897 1594
1594 4434
4434 104
104 649
649 6019
6019 3773
3773 1256
1256 277
277 7163
7163 2721
2721 1937
1937 825
825 4597
4597 5768
5768 7011
7011 6183
6183 1331
1331 6652
6652 241
241 4103
4103 4733
4733 946
946 6691
6691 3556
3556 7384
7384 5124
5124 1417
1417 5771
5771 7266
7266 3285
3285 731
731 4798
4798 6471
6471 1238
1238 6938
6938 8169
8169 6321
6321 4870
4870 4400
4400 5405
5405 729
729 4628
4628 212
212 1638
1638 8174
8174 6746
6746 40
40 3400
3400 2315
2315 191
191 8044
8044 3887
3887 2755
2755 4827
4827 745
745 5988
5988 1138
1138 6629
6629 6477
6477 1748
1748 1142
1142 6969
6969 2613
2613 948
948 6861
6861 1624
1624 6984
6984 3888
3888 2840
2840 3861
3861 545
545 5370
5370 5945
5945 5674
5674 7212
7212 6886
6886 3749
3749 7407
7407 7079
7079 3772
3772 1171
1171 1243
1243 7363
7363 3339
3339 5321
5321 1780
1780 3862
3862 630
630 4404
4404 5745
5745 5056
5056 3828
3828 5931
5931 4484
4484 4354
4354 1495
1495 4210
4210 5637
5637 4067
4067 1673
1673 2958
2958 5700
5700 1231
1231 6343
6343 6740
6740 7721
7721 1005
1005 3515
3515 3899
3899 3775
3775 1426
1426 6536
6536 6763
6763 1485
1485 3360
3360 7106
7106 6067
6067 7853
7853 4034
4034 7059
7059 2072
2072 4109
4109 5243
5243 3341
3341 5491
5491 8039
8039 3462
3462 7585
7585 5827
5827 3835
3835 6526
6526 5913
5913 2954
2954 5360
5360 5095
5095 7143
7143 1021
1021 4875
4875 4825
4825 575
575 7920
7920 1538
1538 7865
7865 5054
5054 3658
3658 7863
7863 4884
4884 5590
5590 72
72 6120
6120 4167
4167 1982
1982 4650
4650 2082
2082 4959
4959 3774
3774 1341
1341 7502
7502 6963
6963 2103
2103 6744
6744 8061
8061 5332
5332 2715
2715 1427
1427 6621
6621 5797
5797 1285
1285 2742
2742 3722
3722 5112
5112 397
397 981
981 1475
1475 2510
2510 384
384 8067
8067 5842
5842 5110
5110 227
227 2913
2913 1875
1875 3746
3746 7152
7152 1786
1786 4372
4372 3025
3025 3204
3204 2037
2037 1134
1134 6289
6289 2150
2150 2548
2548 3614
3614 4123
4123 6433
6433 6199
6199 2691
2691 7578
7578 5232
5232 2406
2406 7926
7926 2048
2048 2069
2069 3854
3854 8141
8141 3941
3941 7345
7345 1809
1809 6327
6327 5380
5380 6795
6795 4205
4205 5212
5212 706
706 2673
2673 6048
6048 6238
6238 6006
6006 2668
2668 5623
5623 2877
2877 7006
7006 5758
5758 6161
6161 7652
7652 3331
3331 4641
4641 1317
1317 5462
5462 5574
5574 6903
6903 5194
5194 7367
7367 3679
3679 1457
1457 980
980 1390
1390 3476
3476 584
584 494
494 1035
1035 6065
6065 7683
7683 5966
5966 7459
7459 3308
3308 2686
2686 7153
7153 1871
1871 3406
3406 2825
2825 2586
2586 6844
6844 179
179 7024
7024 7288
7288 5155
5155 4052
4052 398
398 1066
1066 509
509 2310
2310 7957
7957 4683
4683 4887
4887 5845
5845 5365
5365 5520
5520 2313
2313 21
21 1785
1785 4287
4287 3991
3991 3404
3404 2655
2655 4518
4518 7244
7244 1415
1415 5601
5601 1007
1007 3685
3685 1967
1967 3375
3375 190
190 7959
7959 4853
4853 2955
2955 5445
5445 4129
4129 6943
6943 403
403 1491
1491 3870
3870 1310
1310 4867
4867 4145
4145 112
112 1329
1329 6482
6482 2173
2173 4503
4503 5969
5969 7714
7714 410
410 2086
2086 5299
5299 8101
8101 541
541 5030
5030 1618
1618 6474
6474 1493
1493 4040
4040 7569
7569 4467
4467 2909
2909 1535
1535 7610
7610 7952
7952 4258
4258 1526
1526 6845
6845 264
264 6058
6058 7088
7088 4537
4537 668
668 7634
7634 1801
1801 5647
5647 4917
4917 204
204 958
958 7711
7711 155
155 4984
4984 5899
5899 1764
1764 2502
2502 7895
7895 7604
7604 7442
7442 1863
1863 2726
2726 2362
2362 4186
4186 3597
3597 2678
2678 6473
6473 1408
1408 5006
5006 7769
7769 5085
5085 6293
6293 2490
2490 6875
6875 2814
2814 1651
1651 1088
1088 2379
2379 5631
5631 3557
3557 7469
7469 4158
4158 1217
1217 5153
5153 3882
3882 2330
2330 1466
1466 1745
1745 887
887 1676
1676 3213
3213 2802
2802 631
631 4489
4489 4779
4779 4856
4856 3210
3210 2547
2547 3529
3529 5089
5089 6633
6633 6817
6817 6075
6075 342
342 4497
4497 5459
5459 5319
5319 1610
1610 5794
5794 1030
1030 5640
5640 4322
4322 6966
6966 2358
2358 3846
3846 7461
7461 3478
3478 754
754 6753
6753 635
635 4829
4829 915
915 4056
4056 738
738 5393
5393 7900
7900 8029
8029 2612
2612 863
863 7827
7827 1824
1824 7602
7602 7272
7272 3795
3795 3126
3126 3598
3598 2763
2763 5507
5507 1208
1208 4388
4388 4385
4385 4130
4130 7028
7028 7628
7628 1291
1291 3252
3252 6117
6117 3912
3912 4880
4880 5250
5250 3936
3936 6920
6920 6639
6639 7327
7327 279
279 7333
7333 789
789 1537
1537 7780
7780 6020
6020 3858
3858 290
290 77
77 6545
6545 7528
7528 982
982 1560
1560 1544
1544 184
184 7449
7449 2458
2458 4155
4155 962
962 8051
8051 4482
4482 4184
4184 3427
3427 4610
4610 6873
6873 2644
2644 3583
3583 1488
1488 3615
3615 4208
4208 5467
5467 5999
5999 2073
2073 4194
4194 4277
4277 3141
3141 4873
4873 4655
4655 2507
2507 129
129 2774
2774 6442
6442 6964
6964 2188
2188 5778
5778 7861
7861 4714
4714 7522
7522 472
472 7356
7356 2744
2744 3892
3892 3180
3180 8188
8188 7936
7936 2898
2898 600
600 1854
1854 1961
1961 2865
2865 5986
5986 968
968 370
370 6877
6877 2984
2984 7910
7910 688
688 1143
1143 7054
7054 1647
1647 748
748 6243
6243 6431
6431 6029
6029 4623
4623 7978
7978 6468
6468 983
983 1645
1645 578
578 8175
8175 6831
6831 7265
7265 3200
3200 1697
1697 4998
4998 7089
7089 4622
4622 7893
7893 7434
7434 1183
1183 2263
2263 3962
3962 939
939 6096
6096 2127
2127 593
593 1259
1259 532
532 4265
4265 2121
2121 83
83 7055
7055 1732
1732 7973
7973 6043
6043 5813
5813 2645
2645 3668
3668 522
522 3415
3415 3590
3590 2083
2083 5044
5044 2808
2808 1141
1141 6884
6884 3579
3579 1148
1148 7479
7479 5008
5008 7939
7939 3153
3153 5893
5893 1254
1254 107
107 904
904 3121
3121 3173
3173 7593
7593 6507
6507 4298
4298 4926
4926 969
969 455
455 5911
5911 2784
2784 7292
7292 5495
5495 188
188 7789
7789 6785
6785 3355
3355 6681
6681 2706
2706 662
662 7124
7124 7597
7597 6847
6847 434
434 4126
4126 6688
6688 3301
3301 2091
2091 5724
5724 3271
3271 7732
7732 1940
1940 1080
1080 1699
1699 5168
5168 5157
5157 4222
4222 6657
6657 666
666 7464
7464 3733
3733 6047
6047 6153
6153 6972
6972 2868
2868 6241
6241 6261
6261 7961
7961 5023
5023 1023
1023 5045
5045 2893
2893 175
175 6684
6684 2961
2961 5955
5955 6524
6524 5743
5743 4886
4886 5760
5760 6331
6331 5720
5720 2931
2931 3405
3405 2740
2740 3552
3552 7044
7044 797
797 2217
2217 52
52 4420
4420 7105
7105 5982
5982 628
628 4234
4234 7677
7677 5456
5456 5064
5064 4508
4508 6394
6394 2884
2884 7601
7601 7187
7187 4761
4761 3326
3326 4216
4216 6147
6147 6462
6462 473
473 7441
7441 1778
1778 3692
3692 2562
2562 4804
4804 6981
6981 3633
3633 5738
5738 4461
4461 2399
2399 7331
7331 619
619 3469
3469 8180
8180 7256
7256 2435
2435 2200
2200 6798
6798 4460
4460 2314
2314 106
106 819
819 4087
4087 3373
3373 20
20 1700
1700 5253
5253 4191
4191 4022
4022 6039
6039 5473
5473 6509
6509 4468
4468 2994
2994 569
569 7410
7410 7334
7334 874
874 571
571 7580
7580 5402
5402 474
474 7526
7526 812
812 3492
3492 1944
1944 1420
1420 6026
6026 4368
4368 2685
2685 7068
7068 2837
2837 3606
3606 3443
3443 5970
5970 7799
7799 7635
7635 1886
1886 4681
4681 4717
4717 7777
7777 5765
5765 6756
6756 890
890 1931
1931 315
315 2202
2202 6968
6968 2528
2528 1914
1914 7061
7061 2242
2242 2177
2177 4843
4843 2105
2105 6914
6914 6129
6129 4932
4932 1479
1479 2850
2850 4711
4711 7267
7267 3370
3370 7956
7956 4598
4598 5853
5853 6045
6045 5983
5983 713
713 3268
3268 7477
7477 4838
4838 1680
1680 3553
3553 7129
7129 8022
8022 2017
2017 7625
7625 1036
1036 6150
6150 6717
6717 5766
5766 6841
6841 8115
8115 1731
1731 7888
7888 7009
7009 6013
6013 3263
3263 7052
7052 1477
1477 2680
2680 6643
6643 7667
7667 4606
4606 6533
6533 6508
6508 4383
4383 3960
3960 769
769 8028
8028 2527
2527 1829
1829 8027
8027 2442
2442 2795
2795 36
36 3060
3060 6179
6179 991
991 2325
2325 1041
1041 6575
6575 1887
1887 4766
4766 3751
3751 7577
7577 5147
5147 3372
3372 8126
8126 2666
2666 5453
5453 4809
4809 7406
7406 6994
6994 4738
4738 1371
1371 1861
1861 2556
2556 4294
4294 4586
4586 4833
4833 1255
1255 192
192 8129
8129 2921
2921 2555
2555 4209
4209 5552
5552 5033
5033 1873
1873 3576
3576 893
893 2186
2186 5608
5608 1602
1602 5114
5114 567
567 7240
7240 1075
1075 1274
1274 1807
1807 6157
6157 7312
7312 7195
7195 5441
5441 3789
3789 2616
2616 1203
1203 3963
3963 1024
1024 5130
5130 1927
1927 8166
8166 6066
6066 7768
7768 5000
5000 7259
7259 2690
2690 7493
7493 6198
6198 2606
2606 353
353 5432
5432 3024
3024 3119
3119 3003
3003 1334
1334 6907
6907 5534
5534 3503
3503 2879
2879 7176
7176 3826
3826 5761
5761 6416
6416 4754
4754 2731
2731 2787
2787 7547
7547 2597
2597 7779
7779 5935
5935 4824
4824 490
490 695
695 1738
1738 292
292 247
247 4613
4613 7128
7128 7937
7937 2983
2983 7825
7825 1654
1654 1343
1343 7672
7672 5031
5031 1703
1703 5508
5508 1293
1293 3422
3422 4185
4185 3512
3512 3644
3644 6673
6673 2026
2026 199
199 533
533 4350
4350 1155
1155 8074
8074 6437
6437 6539
6539 7018
7018 6778
6778 2760
2760 5252
5252 4106
4106 4988
4988 6239
6239 6091
6091 1702
1702 5423
5423 2259
2259 3622
3622 4803
4803 6896
6896 4599
4599 5938
5938 5079
5079 5783
5783 95
95 8075
8075 6522
6522 5573
5573 6818
6818 6160
6160 7567
7567 4297
4297 4841
4841 1935
1935 655
655 6529
6529 6168
6168 56
56 4760
4760 3241
3241 5182
5182 6347
6347 7080
7080 3857
3857 205
205 1043
1043 6745
6745 8146
8146 4366
4366 2515
2515 809
809 3237
3237 4842
4842 2020
2020 7880
7880 6329
6329 5550
5550 4863
4863 3805
3805 3976
3976 2129
2129 763
763 7518
7518 132
132 3029
3029 3544
3544 6364
6364 334
334 3817
3817 4996
4996 6919
6919 6554
6554 102
102 479
479 7951
7951 4173
4173 2492
2492 7045
7045 882
882 1251
1251 8043
8043 3802
3802 3721
3721 5027
5027 1363
1363 1181
1181 2093
2093 5894
5894 1339
1339 7332
7332 704
704 2503
2503 7980
7980 6638
6638 7242
7242 1245
1245 7533
7533 1407
1407 4921
4921 544
544 5285
5285 6911
6911 5874
5874 7830
7830 2079
2079 4704
4704 6672
6672 1941
1941 1165
1165 733
733 4968
4968 4539
4539 838
838 5702
5702 1401
1401 4411
4411 6340
6340 6485
6485 2428
2428 1605
1605 5369
5369 5860
5860 6640
6640 7412
7412 7504
7504 7133
7133 171
171 6344
6344 6825
6825 6755
6755 805
805 2897
2897 515
515 2820
2820 2161
2161 3483
3483 1179
1179 1923
1923 7826
7826 1739
1739 377
377 7472
7472 4413
4413 6510
6510 4553
4553 2028
2028 369
369 6792
6792 3950
3950 8110
8110 1306
1306 4527
4527 8009
8009 912
912 3801
3801 3636
3636 5993
5993 1563
1563 1799
1799 5477
5477 6849
6849 604
604 2194
2194 6288
6288 2065
2065 3514
3514 3814
3814 4741
4741 1626
1626 7154
7154 1956
1956 2440
2440 2625
2625 1968
1968 3460
3460 7415
7415 7759
7759 4235
4235 7762
7762 4490
4490 4864
4864 3890
3890 3010
3010 1929
1929 145
145 4134
4134 7368
7368 3764
3764 491
491 780
780 772
772 92
92 7820
7820 1229
1229 6173
6173 481
481 8121
8121 2241
2241 2092
2092 5809
5809 2305
2305 7532
7532 1322
1322 5887
5887 744
744 5903
5903 2104
2104 6829
6829 7095
7095 5132
5132 2097
2097 6234
6234 5666
5666 6532
6532 6423
6423 5349
5349 4160
4160 1387
1387 3221
3221 3482
3482 1094
1094 2889
2889 8026
8026 2357
2357 3761
3761 236
236 3678
3678 1372
1372 1946
1946 1590
1590 4094
4094 3968
3968 1449
1449 300
300 927
927 5076
5076 5528
5528 2993
2993 484
484 185
185 7534
7534 1492
1492 3955
3955 344
344 4667
4667 3527
3527 4919
4919 374
374 7217
7217 7311
7311 7110
7110 6407
6407 3989
3989 3234
3234 4587
4587 4918
4918 289
289 8183
8183 7511
7511 7728
7728 1600
1600 4944
4944 2499
2499 7640
7640 2311
2311 8042
8042 3717
3717 4687
4687 5227
5227 1981
1981 4565
4565 3048
3048 5159
5159 4392
4392 4725
4725 266
266 6228
6228 5156
5156 4137
4137 7623
7623 866
866 8082
8082 7117
7117 7002
7002 5418
5418 1834
1834 261
261 5803
5803 1795
1795 5137
5137 2522
2522 1404
1404 4666
4666 3442
3442 5885
5885 574
574 7835
7835 2504
2504 8065
8065 5672
5672 7042
7042 627
627 4149
4149 452
452 5656
5656 5682
5682 7892
7892 7349
7349 2149
2149 2463
2463 4580
4580 4323
4323 7051
7051 1392
1392 3646
3646 6843
6843 94
94 7990
7990 7488
7488 5773
5773 7436
7436 1353
1353 331
331 3562
3562 7894
7894 7519
7519 217
217 2063
2063 3344
3344 5746
5746 5141
5141 2862
2862 5731
5731 3866
3866 970
970 540
540 4945
4945 2584
2584 6674
6674 2111
2111 7424
7424 333
333 3732
3732 5962
5962 7119
7119 7172
7172 3486
3486 1434
1434 7216
7216 7226
7226 8076
8076 6607
6607 4607
4607 6618
6618 5542
5542 4183
4183 3342
3342 5576
5576 7073
7073 3262
3262 6967
6967 2443
2443 2880
2880 7261
7261 2860
2860 5561
5561 5798
5798 1370
1370 1776
1776 3522
3522 4494
4494 5204
5204 26
26 2210
2210 7648
7648 2991
2991 314
314 2117
2117 7934
7934 2728
2728 2532
2532 2254
2254 3197
3197 1442
1442 7896
7896 7689
7689 6476
6476 1663
1663 2108
2108 7169
7169 3231
3231 4332
4332 7816
7816 889
889 1846
1846 1281
1281 2402
2402 7586
7586 5912
5912 2869
2869 6326
6326 5295
5295 7761
7761 4405
4405 5830
5830 4090
4090 3628
3628 5313
5313 1100
1100 3399
3399 2230
2230 1157
1157 53
53 4505
4505 6139
6139 5782
5782 10
10 850
850 6722
6722 6191
6191 2011
2011 7115
7115 6832
6832 7350
7350 2234
2234 1497
1497 4380
4380 3705
3705 3667
3667 437
437 4381
4381 3790
3790 2701
2701 237
237 3763
3763 406
406 1746
1746 972
972 710
710 3013
3013 2184
2184 5438
5438 3534
3534 5514
5514 1803
1803 5817
5817 2985
2985 7995
7995 7913
7913 943
943 6436
6436 6454
6454 7984
7984 6978
6978 3378
3378 445
445 5061
5061 4253
4253 1101
1101 3484
3484 1264
1264 957
957 7626
7626 1121
1121 5184
5184 6517
6517 5148
5148 3457
3457 7160
7160 2466
2466 4835
4835 1425
1425 6451
6451 7729
7729 1685
1685 3978
3978 2299
2299 7022
7022 7118
7118 7087
7087 4452
4452 1634
1634 7834
7834 2419
2419 840
840 5872
5872 7660
7660 4011
4011 5104
5104 7908
7908 518
518 3075
3075 7454
7454 2883
2883 7516
7516 8153
8153 4961
4961 3944
3944 7600
7600 7102
7102 5727
5727 3526
3526 4834
4834 1340
1340 7417
7417 7929
7929 2303
2303 7362
7362 3254
3254 6287
6287 1980
1980 4480
4480 4014
4014 5359
5359 5010
5010 8109
8109 1221
1221 5493
5493 18
18 1530
1530 7185
7185 4591
4591 5258
5258 4616
4616 7383
7383 5039
5039 2383
2383 5971
5971 7884
7884 6669
6669 1686
1686 4063
4063 1333
1333 6822
6822 6500
6500 3703
3703 3497
3497 2369
2369 4781
4781 5026
5026 1278
1278 2147
2147 2293
2293 6512
6512 4723
4723 96
96 8160
8160 5556
5556 5373
5373 6200
6200 2776
2776 6612
6612 5032
