85 7991
7225 7573
7991 4807
7573 7236
4807 735
7236 5138
735 2607
5138 438
2607 4466
438 2824
4466 2501
2824 7810
2501 379
7810 7642
379 2481
7642 6110
2481 3317
6110 3451
3317 6650
3451 71
6650 6035
71 5133
6035 2182
5133 5268
2182 5466
5268 5914
5466 3039
5914 4394
3039 4895
4394 6525
4895 5828
6525 3920
5828 5560
3920 5713
5560 2336
5713 1976
2336 4140
1976 7878
4140 6159
7878 7482
6159 5263
7482 5041
5263 2553
5041 4039
2553 7484
4039 5433
7484 3109
5433 2153
3109 2803
2153 716
2803 3523
716 4579
3523 4238
4579 8017
4238 1592
8017 4264
1592 2036
4264 1049
2036 7255
1049 2350
7255 3166
2350 6998
3166 5078
6998 5698
5078 1061
5698 84
1061 7140
84 766
7140 7773
766 5425
7773 2429
5425 1690
2429 4403
1690 5660
4403 6022
5660 4028
6022 6549
4028 7868
6549 5309
7868 760
5309 7263
760 3030
7263 3629
3030 5398
3629 134
5398 3199
134 1612
3199 5964
1612 7289
5964 5240
7289 3086
5240 198
3086 448
198 5316
448 1355
5316 501
1355 1630
501 7494
1630 6283
7494 1640
6283 153
1640 4814
153 7831
4814 2164
7831 3738
2164 6472
3738 1323
6472 5972
1323 7969
5972 5703
7969 1486
5703 3445
1486 6140
3445 5867
6140 7235
5867 650
7235 6104
650 2807
6104 1056
2807 7850
1056 3779
7850 1766
3779 2672
1766 5963
2672 7204
5963 6206
7204 3286
6206 816
3286 3832
816 6271
3832 620
6271 3554
620 7214
3554 7056
7214 1817
7056 7007
1817 5843
7007 5195
5843 7452
5195 2713
7452 1257
2713 362
1257 6197
362 2521
6197 1319
2521 5632
1319 3642
5632 6503
3642 3958
6503 599
3958 1769
599 2927
1769 3065
2927 6604
3065 4352
6604 1325
4352 6142
1325 6037
6142 5303
6037 250
5303 4868
250 4230
4868 7337
4230 1129
7337 5864
1129 6980
5864 3548
6980 6704
3548 4661
6704 3017
4661 2524
3017 1574
2524 2734
1574 3042
2734 4649
3042 1997
4649 5925
1997 3974
5925 1959
3974 2695
1959 7918
2695 1368
7918 1606
1368 5454
1606 4894
5454 6440
4894 6794
6440 4120
6794 6178
4120 906
6178 3291
906 1241
3291 7193
1241 5271
7193 5721
5271 3016
5721 2439
3016 2540
2439 2934
2540 3660
2934 8033
3660 2952
8033 5190
2952 7027
5190 7543
7027 2257
7543 3452
2257 6735
3452 7296
6735 5835
7296 4515
5835 6989
4515 4313
6989 6201
4313 2861
6201 5646
2861 4832
5646 1170
4832 1158
1170 138
1158 3539
138 5939
3539 5164
5939 4817
5164 8086
4817 7457
8086 3138
7457 4618
3138 7553
4618 3107
7553 1983
3107 4735
1983 1116
4735 4759
1116 3156
4759 6148
3156 6547
6148 7698
6547 7241
7698 1160
7241 308
1160 1607
308 5539
1607 3928
5539 6240
3928 6176
6240 736
6176 5223
736 1641
5223 238
1641 3848
238 7631
3848 1546
7631 354
1546 5517
354 2058
5517 2919
2058 2385
2919 6141
2385 5952
6141 6269
5952 450
6269 5486
450 7614
5486 101
7614 394
101 726
394 4373
726 3110
4373 2238
3110 1837
2238 516
1837 2905
516 1195
2905 3283
1195 561
3283 6730
561 6871
6730 2474
6871 5515
2474 1888
5515 4851
1888 2785
4851 7377
2785 4529
7377 8179
4529 7171
8179 3401
7171 2400
3401 7416
2400 7844
7416 3269
7844 7562
3269 3872
7562 1480
3872 2935
1480 3745
2935 7067
3745 2752
7067 4572
2752 3643
4572 6588
3643 2992
6588 399
2992 1151
399 7734
1151 2110
7734 7339
2110 1299
7339 3932
1299 6580
3932 2312
6580 8127
2312 2751
8127 4487
2751 4609
4487 6788
4609 3610
6788 3783
3610 2106
3783 6999
2106 5163
6999 4732
5163 861
4732 7657
861 3756
7657 8002
3756 317
8002 2372
317 5036
2372 2128
5036 678
2128 293
678 332
293 3647
332 6928
3647 7319
6928 7790
7319 6870
7790 2389
6870 6481
2389 2088
6481 5469
2088 6169
5469 141
6169 3794
141 3041
3794 4564
3041 2963
4564 6125
2963 4592
6125 5343
4592 3650
5343 7183
3650 4421
7183 7190
4421 5016
7190 428
5016 3616
428 4293
3616 4501
4293 5799
4501 1455
5799 810
1455 3322
810 3876
3322 1820
3876 7262
1820 2945
7262 4595
2945 5598
4595 752
5598 6583
752 2567
6583 5229
2567 2151
5229 2633
2151 2648
2633 3923
2648 5815
3923 2815
5815 1736
2815 122
1736 2179
122 5013
2179 173
5013 6514
173 4893
6514 6355
4893 7760
6355 4320
7760 6796
4320 4290
6796 4246
4290 506
4246 2055
506 2664
2055 5283
2664 6741
5283 7806
6741 39
7806 3315
39 3281
3315 391
3281 471
391 7271
471 3710
7271 4092
3710 3798
4092 3381
3798 700
3381 2163
700 3653
2163 7438
3653 1523
7438 6590
1523 3162
6590 6658
3162 751
6658 6498
751 3533
6498 5429
3533 2769
5429 6017
2769 3603
6017 3188
3603 677
3188 208
677 1298
208 3847
1298 7546
3847 2512
7546 554
2512 6135
554 5442
6135 3874
5442 1650
3874 1003
1650 3345
1003 5831
3345 4175
5831 2662
4175 5113
2662 482
5113 15
482 1275
15 1892
1275 5191
1892 7112
5191 6577
7112 2057
6577 2834
2057 3351
2834 6341
3351 6570
6341 1462
6570 1405
1462 4751
1405 2476
4751 5685
2476 8147
5685 4451
8147 1549
4451 609
1549 2619
609 1458
2619 1065
1458 424
1065 3276
424 8157
3276 5301
8157 80
5301 6800
80 4630
6800 382
4630 7897
382 7774
7897 5510
7774 1463
5510 1490
1463 3785
1490 2276
3785 5067
2276 4763
5067 3496
4763 2284
3496 5747
2284 5226
5747 1896
5226 5531
1896 3248
5531 5777
3248 7776
5777 5680
7776 7722
5680 1090
7722 2549
1090 3699
2549 3157
3699 6233
3157 5581
6233 7498
5581 6623
7498 5967
6623 7544
5967 2342
7544 2486
2342 6535
2486 6678
6535 2451
6678 3560
2451 7724
3560 1260
7724 617
1260 3299
617 1921
3299 7656
1921 3671
7656 777
3671 517
777 2990
517 229
2990 3083
229 8134
3083 3346
8134 5916
3346 3209
5916 2462
3209 4495
2462 5289
4495 7251
5289 2010
7251 7030
2010 7798
7030 7550
7798 2852
7550 4881
2852 5335
4881 2970
5335 6720
2970 6021
6720 3943
6021 7515
3943 8068
7515 5927
8068 4144
5927 27
4144 2295
27 6682
2295 2791
6682 7887
2791 6924
7887 6979
6924 3463
6979 7670
3463 4861
7670 3635
4861 5908
3635 2529
5908 1999
2529 6095
1999 2042
6095 1559
2042 1459
1559 1150
1459 7649
1150 3076
7649 7539
3076 1917
7539 7316
1917 7535
7316 1577
7535 2989
1577 144
2989 4049
144 143
4049 3964
143 1109
3964 4164
1109 1727
4164 7548
1727 2682
7548 6813
2682 5735
6813 4206
5735 5297
4206 7931
5297 2473
7931 5430
2473 2854
5430 5051
2854 3403
5051 2570
3403 5484
2570 7444
5484 2033
7444 794
2033 1962
794 2950
1962 5020
2950 768
5020 7943
768 3493
7943 2029
3493 454
2029 5826
454 3750
5826 7492
3750 6113
7492 3572
6113 553
3572 6050
553 6408
6050 4074
6408 2268
4074 4387
2268 4300
4387 5096
4300 7228
5096 55
7228 4675
55 4207
4675 5382
4207 6965
5382 2273
6965 4812
2273 7661
4812 4096
7661 4138
4096 7708
4138 8091
7708 7882
8091 6499
7882 3618
6499 4463
3618 2569
4463 5399
2569 219
5399 2233
219 1412
2233 5346
1412 3905
5346 4285
3905 3821
4285 5336
3821 3055
5336 5754
3055 5821
5754 3325
5821 4131
3325 7113
4131 6662
7113 1091
6662 2634
1091 2733
2634 2957
2733 5615
2957 2197
5615 6543
2197 7358
6543 2914
7358 1960
2914 2780
1960 6952
2780 1168
6952 988
1168 2070
988 3939
2070 7175
3939 3741
7175 6727
3741 6616
6727 5372
6616 6115
5372 3742
6115 6812
3742 5650
6812 5172
5650 5497
5172 358
5497 5857
358 6385
5857 2119
6385 8104
2119 796
8104 2132
796 1018
2132 4620
1018 7723
4620 1175
7723 1583
1175 3499
1583 2539
3499 2849
2539 4626
2849 42
4626 3570
42 383
3570 7982
383 6808
7982 5310
6808 845
5310 6297
845 2830
6297 3011
2830 2014
3011 7370
2014 3934
7370 6750
3934 380
6750 7727
380 1515
7727 5910
1515 2699
5910 67
2699 5695
67 806
5695 2982
806 7740
2982 2620
7740 1543
2620 99
1543 224
99 2658
224 4773
2658 4346
4773 815
4346 3747
815 7237
3747 820
7237 4172
820 2407
4172 8011
2407 1082
8011 1869
1082 3236
1869 4757
3236 2986
4757 8080
2986 6947
8080 743
6947 5818
743 3070
5818 7029
3070 7713
7029 325
7713 3052
325 5499
3052 528
5499 3925
528 5985
3925 883
5985 1336
883 7077
1336 3602
7077 3103
3602 1643
3103 408
1643 1916
408 7231
1916 310
7231 1777
310 3607
1777 3528
3607 5004
3528 7599
5004 7017
7599 6693
7017 3726
6693 5452
3726 4724
5452 181
4724 7194
181 5356
7194 4755
5356 2816
4755 1821
2816 7347
1821 1979
7347 4395
1979 4980
4395 5559
4980 5628
5559 3302
5628 2176
3302 4758
2176 3071
4758 7114
3071 6747
7114 125
6747 2434
125 2115
2434 7764
2115 4660
7764 2932
4660 3490
2932 1774
3490 3352
1774 6426
3352 5604
6426 1262
5604 787
1262 1367
787 1521
1367 6420
1521 5094
6420 7058
5094 1987
7058 5075
1987 5443
5075 3959
5443 684
3959 803
684 2727
803 2447
2727 3220
2447 3397
3220 2060
3397 3089
2060 453
3089 5741
453 4716
5741 7692
4716 6731
7692 6956
6731 1508
6956 5315
1508 1270
5315 1467
1270 1830
1467 8112
1830 1476
8112 2595
1476 7609
2595 7867
7609 5224
7867 1726
5224 7463
1726 3648
7463 7013
3648 6353
7013 7590
6353 6252
7590 7196
6252 5526
7196 2823
5526 2416
2823 585
2416 579
585 69
579 5865
69 7065
5865 2582
7065 6504
2582 4043
6504 7824
4043 1569
7824 2309
1569 7872
2309 5649
7872 5087
5649 6463
5087 558
6463 6475
558 1578
6475 3074
1578 7369
3074 3849
7369 7716
3849 580
7716 154
580 4899
154 6865
4899 1964
6865 3120
1964 3088
3120 368
3088 6707
368 4916
6707 119
4916 1924
119 7911
1924 773
7911 177
773 6854
177 1029
6854 5555
1029 5288
5555 7166
5288 2976
7166 7230
2976 225
7230 2743
225 3807
2743 4146
3807 197
4146 363
197 6282
363 1555
6282 1119
1555 5014
1119 258
5014 5548
258 4693
5548 5737
4693 4376
5737 3365
4376 7531
3365 1237
7531 6853
1237 944
6853 6521
944 5488
6521 7784
5488 6360
7784 8185
6360 7681
8185 5796
7681 1200
5796 3708
1200 3922
3708 5730
3922 3781
5730 1936
3781 740
1936 5563
740 5968
5563 7629
5968 1376
7629 2286
1376 5917
2286 3294
5917 1496
3294 4295
1496 4671
4295 3867
4671 1055
3867 7765
1055 4745
7765 1966
4745 3290
1966 1156
3290 8159
1156 5471
8159 6339
5471 6400
6339 3394
6400 1805
3394 5987
1805 1053
5987 7595
1053 6677
7595 2366
6677 4526
2366 7924
4526 1878
7924 4001
1878 4254
4001 1186
4254 2518
1186 1064
2518 339
1064 4242
339 166
4242 5919
166 3464
5919 7755
3464 3895
7755 3435
3895 5290
3435 7336
5290 1044
7336 6830
1044 7180
6830 4166
7180 1897
4166 5616
1897 2282
5616 5577
2282 7158
5577 2296
7158 6767
2296 1825
6767 7687
1825 6306
7687 3595
6306 2508
3595 214
2508 1808
214 6242
1808 6346
6242 6995
6346 4823
6995 405
4823 1661
405 1938
1661 910
1938 3631
910 5568
3631 6393
5568 2799
6393 376
2799 7387
376 5379
7387 6710
5379 5171
6710 5412
5171 1324
5412 6057
1324 7003
6057 5503
7003 868
5503 61
868 5185
61 6602
5185 4182
6602 3257
4182 6542
3257 7273
6542 3880
7273 2160
3880 3398
2160 2145
3398 2123
2145 253
2123 5123
253 1332
5123 6737
1332 7466
6737 3903
7466 4115
3903 5753
4115 5736
5753 4291
5736 4331
4291 7731
4331 1855
7731 2046
1855 1899
2046 5786
1899 350
5786 5177
350 5922
5177 3719
5922 4857
3719 3295
4857 1581
3295 3329
1581 4471
3329 3249
4471 5862
3249 6810
5862 5480
6810 7104
5480 5897
7104 1594
5897 4434
1594 104
4434 649
104 6019
649 3773
6019 1256
3773 277
1256 7163
277 2721
7163 1937
2721 825
1937 4597
825 5768
4597 7011
5768 6183
7011 1331
6183 6652
1331 241
6652 4103
241 4733
4103 946
4733 6691
946 3556
6691 7384
3556 5124
7384 1417
5124 5771
1417 7266
5771 3285
7266 731
3285 4798
731 6471
4798 1238
6471 6938
1238 8169
6938 6321
8169 4870
6321 4400
4870 5405
4400 729
5405 4628
729 212
4628 1638
212 8174
1638 6746
8174 40
6746 3400
40 2315
3400 191
2315 8044
191 3887
8044 2755
3887 4827
2755 745
4827 5988
745 1138
5988 6629
1138 6477
6629 1748
6477 1142
1748 6969
1142 2613
6969 948
2613 6861
948 1624
6861 6984
1624 3888
6984 2840
3888 3861
2840 545
3861 5370
545 5945
5370 5674
5945 7212
5674 6886
7212 3749
6886 7407
3749 7079
7407 3772
7079 1171
3772 1243
1171 7363
1243 3339
7363 5321
3339 1780
5321 3862
1780 630
3862 4404
630 5745
4404 5056
5745 3828
5056 5931
3828 4484
5931 4354
4484 1495
4354 4210
1495 5637
4210 4067
5637 1673
4067 2958
1673 5700
2958 1231
5700 6343
1231 6740
6343 7721
6740 1005
7721 3515
1005 3899
3515 3775
3899 1426
3775 6536
1426 6763
6536 1485
6763 3360
1485 7106
3360 6067
7106 7853
6067 4034
7853 7059
4034 2072
7059 4109
2072 5243
4109 3341
5243 5491
3341 8039
5491 3462
8039 7585
3462 5827
7585 3835
5827 6526
3835 5913
6526 2954
5913 5360
2954 5095
5360 7143
5095 1021
7143 4875
1021 4825
4875 575
4825 7920
575 1538
7920 7865
1538 5054
7865 3658
5054 7863
3658 4884
7863 5590
4884 72
5590 6120
72 4167
6120 1982
4167 4650
1982 2082
4650 4959
2082 3774
4959 1341
3774 7502
1341 6963
7502 2103
6963 6744
2103 8061
6744 5332
8061 2715
5332 1427
2715 6621
1427 5797
6621 1285
5797 2742
1285 3722
2742 5112
3722 397
5112 981
397 1475
981 2510
1475 384
2510 8067
384 5842
8067 5110
5842 227
5110 2913
227 1875
2913 3746
1875 7152
3746 1786
7152 4372
1786 3025
4372 3204
3025 2037
3204 1134
2037 6289
1134 2150
6289 2548
2150 3614
2548 4123
3614 6433
4123 6199
6433 2691
6199 7578
2691 5232
7578 2406
5232 7926
2406 2048
7926 2069
2048 3854
2069 8141
3854 3941
8141 7345
3941 1809
7345 6327
1809 5380
6327 6795
5380 4205
6795 5212
4205 706
5212 2673
706 6048
2673 6238
6048 6006
6238 2668
6006 5623
2668 2877
5623 7006
2877 5758
7006 6161
5758 7652
6161 3331
7652 4641
3331 1317
4641 5462
1317 5574
5462 6903
5574 5194
6903 7367
5194 3679
7367 1457
3679 980
1457 1390
980 3476
1390 584
3476 494
584 1035
494 6065
1035 7683
6065 5966
7683 7459
5966 3308
7459 2686
3308 7153
2686 1871
7153 3406
1871 2825
3406 2586
2825 6844
2586 179
6844 7024
179 7288
7024 5155
7288 4052
5155 398
4052 1066
398 509
1066 2310
509 7957
2310 4683
7957 4887
4683 5845
4887 5365
5845 5520
5365 2313
5520 21
2313 1785
21 4287
1785 3991
4287 3404
3991 2655
3404 4518
2655 7244
4518 1415
7244 5601
1415 1007
5601 3685
1007 1967
3685 3375
1967 190
3375 7959
190 4853
7959 2955
4853 5445
2955 4129
5445 6943
4129 403
6943 1491
403 3870
1491 1310
3870 4867
1310 4145
4867 112
4145 1329
112 6482
1329 2173
6482 4503
2173 5969
4503 7714
5969 410
7714 2086
410 5299
2086 8101
5299 541
8101 5030
541 1618
5030 6474
1618 1493
6474 4040
1493 7569
4040 4467
7569 2909
4467 1535
2909 7610
1535 7952
7610 4258
7952 1526
4258 6845
1526 264
6845 6058
264 7088
6058 4537
7088 668
4537 7634
668 1801
7634 5647
1801 4917
5647 204
4917 958
204 7711
958 155
7711 4984
155 5899
4984 1764
5899 2502
1764 7895
2502 7604
7895 7442
7604 1863
7442 2726
1863 2362
2726 4186
2362 3597
4186 2678
3597 6473
2678 1408
6473 5006
1408 7769
5006 5085
7769 6293
5085 2490
6293 6875
2490 2814
6875 1651
2814 1088
1651 2379
1088 5631
2379 3557
5631 7469
3557 4158
7469 1217
4158 5153
1217 3882
5153 2330
3882 1466
2330 1745
1466 887
1745 1676
887 3213
1676 2802
3213 631
2802 4489
631 4779
4489 4856
4779 3210
4856 2547
3210 3529
2547 5089
3529 6633
5089 6817
6633 6075
6817 342
6075 4497
342 5459
4497 5319
5459 1610
5319 5794
1610 1030
5794 5640
1030 4322
5640 6966
4322 2358
6966 3846
2358 7461
3846 3478
7461 754
3478 6753
754 635
6753 4829
635 915
4829 4056
915 738
4056 5393
738 7900
5393 8029
7900 2612
8029 863
2612 7827
863 1824
7827 7602
1824 7272
7602 3795
7272 3126
3795 3598
3126 2763
3598 5507
2763 1208
5507 4388
1208 4385
4388 4130
4385 7028
4130 7628
7028 1291
7628 3252
1291 6117
3252 3912
6117 4880
3912 5250
4880 3936
5250 6920
3936 6639
6920 7327
6639 279
7327 7333
279 789
7333 1537
789 7780
1537 6020
7780 3858
6020 290
3858 77
290 6545
77 7528
6545 982
7528 1560
982 1544
1560 184
1544 7449
184 2458
7449 4155
2458 962
4155 8051
962 4482
8051 4184
4482 3427
4184 4610
3427 6873
4610 2644
6873 3583
2644 1488
3583 3615
1488 4208
3615 5467
4208 5999
5467 2073
5999 4194
2073 4277
4194 3141
4277 4873
3141 4655
4873 2507
4655 129
2507 2774
129 6442
2774 6964
6442 2188
6964 5778
2188 7861
5778 4714
7861 7522
4714 472
7522 7356
472 2744
7356 3892
2744 3180
3892 8188
3180 7936
8188 2898
7936 600
2898 1854
600 1961
1854 2865
1961 5986
2865 968
5986 370
968 6877
370 2984
6877 7910
2984 688
7910 1143
688 7054
1143 1647
7054 748
1647 6243
748 6431
6243 6029
6431 4623
6029 7978
4623 6468
7978 983
6468 1645
983 578
1645 8175
578 6831
8175 7265
6831 3200
7265 1697
3200 4998
1697 7089
4998 4622
7089 7893
4622 7434
7893 1183
7434 2263
1183 3962
2263 939
3962 6096
939 2127
6096 593
2127 1259
593 532
1259 4265
532 2121
4265 83
2121 7055
83 1732
7055 7973
1732 6043
7973 5813
6043 2645
5813 3668
2645 522
3668 3415
522 3590
3415 2083
3590 5044
2083 2808
5044 1141
2808 6884
1141 3579
6884 1148
3579 7479
1148 5008
7479 7939
5008 3153
7939 5893
3153 1254
5893 107
1254 904
107 3121
904 3173
3121 7593
3173 6507
7593 4298
6507 4926
4298 969
4926 455
969 5911
455 2784
5911 7292
2784 5495
7292 188
5495 7789
188 6785
7789 3355
6785 6681
3355 2706
6681 662
2706 7124
662 7597
7124 6847
7597 434
6847 4126
434 6688
4126 3301
6688 2091
3301 5724
2091 3271
5724 7732
3271 1940
7732 1080
1940 1699
1080 5168
1699 5157
5168 4222
5157 6657
4222 666
6657 7464
666 3733
7464 6047
3733 6153
6047 6972
6153 2868
6972 6241
2868 6261
6241 7961
6261 5023
7961 1023
5023 5045
1023 2893
5045 175
2893 6684
175 2961
6684 5955
2961 6524
5955 5743
6524 4886
5743 5760
4886 6331
5760 5720
6331 2931
5720 3405
2931 2740
3405 3552
2740 7044
3552 797
7044 2217
797 52
2217 4420
52 7105
4420 5982
7105 628
5982 4234
628 7677
4234 5456
7677 5064
5456 4508
5064 6394
4508 2884
6394 7601
2884 7187
7601 4761
7187 3326
4761 4216
3326 6147
4216 6462
6147 473
6462 7441
473 1778
7441 3692
1778 2562
3692 4804
2562 6981
4804 3633
6981 5738
3633 4461
5738 2399
4461 7331
2399 619
7331 3469
619 8180
3469 7256
8180 2435
7256 2200
2435 6798
2200 4460
6798 2314
4460 106
2314 819
106 4087
819 3373
4087 20
3373 1700
20 5253
1700 4191
5253 4022
4191 6039
4022 5473
6039 6509
5473 4468
6509 2994
4468 569
2994 7410
569 7334
7410 874
7334 571
874 7580
571 5402
7580 474
5402 7526
474 812
7526 3492
812 1944
3492 1420
1944 6026
1420 4368
6026 2685
4368 7068
2685 2837
7068 3606
2837 3443
3606 5970
3443 7799
5970 7635
7799 1886
7635 4681
1886 4717
4681 7777
4717 5765
7777 6756
5765 890
6756 1931
890 315
1931 2202
315 6968
2202 2528
6968 1914
2528 7061
1914 2242
7061 2177
2242 4843
2177 2105
4843 6914
2105 6129
6914 4932
6129 1479
4932 2850
1479 4711
2850 7267
4711 3370
7267 7956
3370 4598
7956 5853
4598 6045
5853 5983
6045 713
5983 3268
713 7477
3268 4838
7477 1680
4838 3553
1680 7129
3553 8022
7129 2017
8022 7625
2017 1036
7625 6150
1036 6717
6150 5766
6717 6841
5766 8115
6841 1731
8115 7888
1731 7009
7888 6013
7009 3263
6013 7052
3263 1477
7052 2680
1477 6643
2680 7667
6643 4606
7667 6533
4606 6508
6533 4383
6508 3960
4383 769
3960 8028
769 2527
8028 1829
2527 8027
1829 2442
8027 2795
2442 36
2795 3060
36 6179
3060 991
6179 2325
991 1041
2325 6575
1041 1887
6575 4766
1887 3751
4766 7577
3751 5147
7577 3372
5147 8126
3372 2666
8126 5453
2666 4809
5453 7406
4809 6994
7406 4738
6994 1371
4738 1861
1371 2556
1861 4294
2556 4586
4294 4833
4586 1255
4833 192
1255 8129
192 2921
8129 2555
2921 4209
2555 5552
4209 5033
5552 1873
5033 3576
1873 893
3576 2186
893 5608
2186 1602
5608 5114
1602 567
5114 7240
567 1075
7240 1274
1075 1807
1274 6157
1807 7312
6157 7195
7312 5441
7195 3789
5441 2616
3789 1203
2616 3963
1203 1024
3963 5130
1024 1927
5130 8166
1927 6066
8166 7768
6066 5000
7768 7259
5000 2690
7259 7493
2690 6198
7493 2606
6198 353
2606 5432
353 3024
5432 3119
3024 3003
3119 1334
3003 6907
1334 5534
6907 3503
5534 2879
3503 7176
2879 3826
7176 5761
3826 6416
5761 4754
6416 2731
4754 2787
2731 7547
2787 2597
7547 7779
2597 5935
7779 4824
5935 490
4824 695
490 1738
695 292
1738 247
292 4613
247 7128
4613 7937
7128 2983
7937 7825
2983 1654
7825 1343
1654 7672
1343 5031
7672 1703
5031 5508
1703 1293
5508 3422
1293 4185
3422 3512
4185 3644
3512 6673
3644 2026
6673 199
2026 533
199 4350
533 1155
4350 8074
1155 6437
8074 6539
6437 7018
6539 6778
7018 2760
6778 5252
2760 4106
5252 4988
4106 6239
4988 6091
6239 1702
6091 5423
1702 2259
5423 3622
2259 4803
3622 6896
4803 4599
6896 5938
4599 5079
5938 5783
5079 95
5783 8075
95 6522
8075 5573
6522 6818
5573 6160
6818 7567
6160 4297
7567 4841
4297 1935
4841 655
1935 6529
655 6168
6529 56
6168 4760
56 3241
4760 5182
3241 6347
5182 7080
6347 3857
7080 205
3857 1043
205 6745
1043 8146
6745 4366
8146 2515
4366 809
2515 3237
809 4842
3237 2020
4842 7880
2020 6329
7880 5550
6329 4863
5550 3805
4863 3976
3805 2129
3976 763
2129 7518
763 132
7518 3029
132 3544
3029 6364
3544 334
6364 3817
334 4996
3817 6919
4996 6554
6919 102
6554 479
102 7951
479 4173
7951 2492
4173 7045
2492 882
7045 1251
882 8043
1251 3802
8043 3721
3802 5027
3721 1363
5027 1181
1363 2093
1181 5894
2093 1339
5894 7332
1339 704
7332 2503
704 7980
2503 6638
7980 7242
6638 1245
7242 7533
1245 1407
7533 4921
1407 544
4921 5285
544 6911
5285 5874
6911 7830
5874 2079
7830 4704
2079 6672
4704 1941
6672 1165
1941 733
1165 4968
733 4539
4968 838
4539 5702
838 1401
5702 4411
1401 6340
4411 6485
6340 2428
6485 1605
2428 5369
1605 5860
5369 6640
5860 7412
6640 7504
7412 7133
7504 171
7133 6344
171 6825
6344 6755
6825 805
6755 2897
805 515
2897 2820
515 2161
2820 3483
2161 1179
3483 1923
1179 7826
1923 1739
7826 377
1739 7472
377 4413
7472 6510
4413 4553
6510 2028
4553 369
2028 6792
369 3950
6792 8110
3950 1306
8110 4527
1306 8009
4527 912
8009 3801
912 3636
3801 5993
3636 1563
5993 1799
1563 5477
1799 6849
5477 604
6849 2194
604 6288
2194 2065
6288 3514
2065 3814
3514 4741
3814 1626
4741 7154
1626 1956
7154 2440
1956 2625
2440 1968
2625 3460
1968 7415
3460 7759
7415 4235
7759 7762
4235 4490
7762 4864
4490 3890
4864 3010
3890 1929
3010 145
1929 4134
145 7368
4134 3764
7368 491
3764 780
491 772
780 92
772 7820
92 1229
7820 6173
1229 481
6173 8121
481 2241
8121 2092
2241 5809
2092 2305
5809 7532
2305 1322
7532 5887
1322 744
5887 5903
744 2104
5903 6829
2104 7095
6829 5132
7095 2097
5132 6234
2097 5666
6234 6532
5666 6423
6532 5349
6423 4160
5349 1387
4160 3221
1387 3482
3221 1094
3482 2889
1094 8026
2889 2357
8026 3761
2357 236
3761 3678
236 1372
3678 1946
1372 1590
1946 4094
1590 3968
4094 1449
3968 300
1449 927
300 5076
927 5528
5076 2993
5528 484
2993 185
484 7534
185 1492
7534 3955
1492 344
3955 4667
344 3527
4667 4919
3527 374
4919 7217
374 7311
7217 7110
7311 6407
7110 3989
6407 3234
3989 4587
3234 4918
4587 289
4918 8183
289 7511
8183 7728
7511 1600
7728 4944
1600 2499
4944 7640
2499 2311
7640 8042
2311 3717
8042 4687
3717 5227
4687 1981
5227 4565
1981 3048
4565 5159
3048 4392
5159 4725
4392 266
4725 6228
266 5156
6228 4137
5156 7623
4137 866
7623 8082
866 7117
8082 7002
7117 5418
7002 1834
5418 261
1834 5803
261 1795
5803 5137
1795 2522
5137 1404
2522 4666
1404 3442
4666 5885
3442 574
5885 7835
574 2504
7835 8065
2504 5672
8065 7042
5672 627
7042 4149
627 452
4149 5656
452 5682
5656 7892
5682 7349
7892 2149
7349 2463
2149 4580
2463 4323
4580 7051
4323 1392
7051 3646
1392 6843
3646 94
6843 7990
94 7488
7990 5773
7488 7436
5773 1353
7436 331
1353 3562
331 7894
3562 7519
7894 217
7519 2063
217 3344
2063 5746
3344 5141
5746 2862
5141 5731
2862 3866
5731 970
3866 540
970 4945
540 2584
4945 6674
2584 2111
6674 7424
2111 333
7424 3732
333 5962
3732 7119
5962 7172
7119 3486
7172 1434
3486 7216
1434 7226
7216 8076
7226 6607
8076 4607
6607 6618
4607 5542
6618 4183
5542 3342
4183 5576
3342 7073
5576 3262
7073 6967
3262 2443
6967 2880
2443 7261
2880 2860
7261 5561
2860 5798
5561 1370
5798 1776
1370 3522
1776 4494
3522 5204
4494 26
5204 2210
26 7648
2210 2991
7648 314
2991 2117
314 7934
2117 2728
7934 2532
2728 2254
2532 3197
2254 1442
3197 7896
1442 7689
7896 6476
7689 1663
6476 2108
1663 7169
2108 3231
7169 4332
3231 7816
4332 889
7816 1846
889 1281
1846 2402
1281 7586
2402 5912
7586 2869
5912 6326
2869 5295
6326 7761
5295 4405
7761 5830
4405 4090
5830 3628
4090 5313
3628 1100
5313 3399
1100 2230
3399 1157
2230 53
1157 4505
53 6139
4505 5782
6139 10
5782 850
10 6722
850 6191
6722 2011
6191 7115
2011 6832
7115 7350
6832 2234
7350 1497
2234 4380
1497 3705
4380 3667
3705 437
3667 4381
437 3790
4381 2701
3790 237
2701 3763
237 406
3763 1746
406 972
1746 710
972 3013
710 2184
3013 5438
2184 3534
5438 5514
3534 1803
5514 5817
1803 2985
5817 7995
2985 7913
7995 943
7913 6436
943 6454
6436 7984
6454 6978
7984 3378
6978 445
3378 5061
445 4253
5061 1101
4253 3484
1101 1264
3484 957
1264 7626
957 1121
7626 5184
1121 6517
5184 5148
6517 3457
5148 7160
3457 2466
7160 4835
2466 1425
4835 6451
1425 7729
6451 1685
7729 3978
1685 2299
3978 7022
2299 7118
7022 7087
7118 4452
7087 1634
4452 7834
1634 2419
7834 840
2419 5872
840 7660
5872 4011
7660 5104
4011 7908
5104 518
7908 3075
518 7454
3075 2883
7454 7516
2883 8153
7516 4961
8153 3944
4961 7600
3944 7102
7600 5727
7102 3526
5727 4834
3526 1340
4834 7417
1340 7929
7417 2303
7929 7362
2303 3254
7362 6287
3254 1980
6287 4480
1980 4014
4480 5359
4014 5010
5359 8109
5010 1221
8109 5493
1221 18
5493 1530
18 7185
1530 4591
7185 5258
4591 4616
5258 7383
4616 5039
7383 2383
5039 5971
2383 7884
5971 6669
7884 1686
6669 4063
1686 1333
4063 6822
1333 6500
6822 3703
6500 3497
3703 2369
3497 4781
2369 5026
4781 1278
5026 2147
1278 2293
2147 6512
2293 4723
6512 96
4723 8160
96 5556
8160 5373
5556 6200
5373 2776
6200 6612
2776 5032
